-217.50113845525925
-219.50113845525925
-101.2046616083748
-103.2046616083748
-153.2248470795661
-155.2248470795661
-150.63615970491722
-152.63615970491722
-132.7998720407346
-134.7998720407346
-128.05195510162565
-130.05195510162565
-119.52353155662883
-121.52353155662883
207.28807585179516
-82.71192414820484
-101.34872231609177
-103.34872231609177
-104.66625983975092
-106.66625983975092
-117.42383774753117
-117.42383774753117
-90.74369774682361
-90.74369774682361
-98.53879270032867
-98.53879270032867
-107.4048317928635
-109.4048317928635
-100.82153280024558
-100.82153280024558
-96.65455109142522
-96.65455109142522
-82.94840410799313
-82.94840410799313
-82.76109941117862
-84.76109941117862
-78.867104894359
-80.867104894359
-85.1182395106493
-87.1182395106493
-72.01977523181431
-76.01977523181431
-80.2557127123343
-82.2557127123343
-54.54402542164085
-54.54402542164085
-67.63437155779239
-69.63437155779239
-70.12505338890932
-68.12505338890932
-49.10965905559091
-45.10965905559091
-53.94110762649252
-51.94110762649252
-50.909092714342975
-48.909092714342975
-51.873215511853786
-49.873215511853786
64.3421488957325
62.34214889573251
-58.76368276289257
-58.76368276289257
