# Loss = 0.005668117688462649

# tsi		tv1m		tv2m		tvp		twm		twp		td		to		tr		xk		uc		uv		ucsi
36.0134918	28.83890907	1253.420601	8.449297226	69.63557012	902.929013	0.5	20.71225191	35.42257952	9.0	0.15	0.01230510579	0.5514828017

# t0		TI		IA		v0		w0
-221.0588	542.759941	0.0251642409	0.648193958	1.0
-219.614538	545.632668	0.0520852475	0.191467544	1.0
-104.550724	485.418849	0.0233566817	0.805449158	0.88789914
-103.684653	488.360441	0.0478572726	0.197736201	1.0
-158.312453	437.220534	0.0241661778	0.958308583	0.95916338
-156.692715	439.424805	0.0390312457	0.725059926	1.0
-154.57681	357.248446	0.0281691939	0.693817741	0.964470839
-154.759412	357.218434	0.0361327579	0.500002935	1.0
-136.92634	337.527327	0.0299153996	0.651332266	0.948956734
-137.086458	337.476233	0.0375684542	0.647116293	0.979422549
-133.507238	319.398514	0.0324469205	0.584082083	0.958516402
-133.578889	320.356672	0.0440186822	0.46483775	0.98542166
-127.726487	314.637372	0.0334252908	0.492318135	0.976825444
-127.738281	315.396196	0.0444279677	0.417859115	0.993176502
203.811526	289.23943	0.0504061792	0.0451681879	5.92158967e-17
-86.149885	289.805529	0.0525702574	0.202416015	0.966761817
-106.545183	278.697806	0.0443554129	0.385994273	0.956225059
-106.672576	278.954295	0.0597695574	0.315278281	0.9700638
-109.203294	277.143783	0.0444797336	0.341829665	0.955011603
-109.451794	277.411966	0.0583353729	0.339129018	0.959747478
-120.955003	267.021641	0.0499288483	0.405535072	0.959032055
-121.816457	267.34053	0.0650020393	0.285796984	0.986306291
-94.8629812	262.033912	0.0526144396	0.405020064	0.910977533
-95.8276028	262.465186	0.067555498	0.258468892	0.97998469
-101.77949	253.054815	0.0589322163	0.415643631	0.920114397
-102.747408	253.461745	0.0770309954	0.225333856	0.97642191
-110.910366	238.980671	0.0713103816	0.398392651	0.927944536
-111.187516	239.031316	0.0908436295	0.205748598	0.971618505
-102.976626	233.713415	0.0757801447	0.281518077	0.944279967
-104.3905	234.009234	0.0937361945	0.205207784	0.962212646
-99.0881536	225.504028	0.0859507795	0.278336971	0.927860412
-98.8759107	225.464816	0.102903047	0.221419561	0.940859245
-84.123151	222.153571	0.089419787	0.170310992	0.952437376
-85.2950308	222.333029	0.104328558	0.0746522402	0.988469768
-86.0148766	209.856138	0.10175424	0.0926390167	0.997853272
-86.8484637	209.905332	0.121142303	0.114574877	0.943994537
-83.7882268	206.344202	0.10489405	0.226299699	0.897812711
-83.6904939	206.238735	0.124373274	0.219166528	0.887350924
-88.3785538	194.453747	0.121540109	0.0951693149	0.957106031
-88.7932116	194.465333	0.142947392	0.0740485623	0.920929856
-76.2332355	184.464556	0.140430901	0.0468875677	0.93620502
-78.9162631	184.537622	0.149264153	0.0229332182	0.975310931
-82.7702134	172.68737	0.152912931	1.1927745499999999e-17	0.897422348
-84.9724504	172.96388	0.157584621	3.2145676199999997e-18	0.973800108
-55.6610245	161.290297	0.165403102	0.0400011421	0.878499112
-55.2804301	161.264746	0.16563647	4.87761654e-18	0.91637394
-69.9006046	159.5642	0.168414642	0.0820692993	0.891645945
-69.4462205	159.547162	0.169328765	0.126424678	0.90687669
-73.2401745	144.607532	0.186897421	0.110699751	0.902165641
-72.967529	144.650731	0.19130053	0.106505075	0.925424994
-50.4971401	138.388587	0.196367127	0.0696932567	0.833948107
-49.0372746	138.372621	0.198855012	0.0	0.898009771
-59.2474674	116.567866	0.229558547	0.17800377	0.862044725
-55.0582556	116.404281	0.229822042	4.49445568e-18	0.8178668
-51.1733274	130.621052	0.202891278	0.00349907544	0.874733472
-49.4345774	130.612267	0.207391253	0.0253824588	0.848964402
-51.8423322	123.912837	0.213746525	0.00256374636	0.855493028
-49.8167325	123.855303	0.214426477	0.0302506356	0.863194365
63.4861244	187.619016	0.163400084	0.795017144	0.784963651
65.6178161	187.182084	0.17513677	0.550185883	1.0
-67.1660872	118.888403	0.218307194	0.0038943268	0.942723569
-67.0826141	118.64597	0.22276459	0.0374554491	0.894941663
