# Loss = 0.011728532404167286

# tsi		tv1m		tv2m		tvp		twm		twp		td		to		tr		xk		uc		uv		ucsi
22.13596075	22.6535715	1250.343057	8.559031378	37.54502093	871.0624977	0.5	22.91352078	22.54491685	10.31700901	0.1	0.02665733268	0.1

# t0		TI		IA		v0		w0
-217.49707	542.989711	0.0565302794	0.367841922	0.936344419
-219.194377	543.189155	0.0619237396	0.00616606688	0.980807468
-101.202415	486.385758	0.0615293936	0.542900147	1.0
-103.108754	486.474696	0.06722433	0.348617222	0.988489825
-152.912138	438.66936	0.0658478968	0.953017052	0.914282383
-154.823211	438.787049	0.0706489426	0.685875928	0.94199517
-150.496273	357.395151	0.0774008364	0.0155240742	0.938390122
-152.480974	357.49444	0.0843854939	0.0162814152	0.944642525
-132.517559	337.739931	0.0812377243	0.0934756036	0.908326532
-134.648152	337.786141	0.0889001311	0.00458047412	0.940504637
-127.866717	320.151455	0.0833377323	0.3041332	0.888447614
-129.949159	320.296618	0.092857504	0.00641026731	0.932295127
-119.558923	314.521856	0.0843072569	0.763115857	0.849394005
-121.675839	314.55803	0.0925489375	0.106161917	0.927523786
207.331953	289.625626	0.0908634756	0.920286211	0.0950433471
-82.665968	289.61801	0.0991202107	0.156456255	0.876352407
-101.22291	278.678657	0.0976331904	0.77019875	0.834234719
-103.130724	278.941322	0.105815702	0.00942904817	0.903658931
-104.662488	277.279428	0.0956791419	0.175447838	0.859301531
-106.459236	277.578081	0.10507809	0.00641432517	0.900862179
-117.216611	267.029522	0.101059943	0.02656472	0.930091898
-117.427532	266.847274	0.107073624	0.0188781815	0.907694898
-90.5860434	261.766483	0.102005074	0.192640606	0.869631647
-90.5438752	261.674597	0.109012227	0.457365225	0.878154945
-98.3417375	253.15594	0.105556269	0.686714648	0.85338146
-98.5500186	252.946643	0.113649332	0.0338815471	0.895300001
-107.328207	238.841265	0.112578659	0.0471188947	0.910433077
-109.139944	239.260549	0.119211151	0.853035065	0.91242243
-100.660102	233.938907	0.116697622	0.0276421812	0.903412727
-100.706401	233.75554	0.122072719	0.634951679	0.88473482
-96.5271504	225.634513	0.121799087	0.0266795266	0.88964197
-96.4757868	225.497229	0.129679415	0.898885067	0.896154758
-82.5619164	222.699144	0.124992411	0.0138227939	0.877112721
-82.7172932	222.509333	0.128998123	0.0144390045	0.881107121
-82.6197485	209.600302	0.127814632	0.752458109	0.827507983
-84.5349522	210.07749	0.138792812	0.00642599302	0.883634459
-78.9034226	205.586082	0.133197601	0.0727353786	0.850899527
-80.7510389	206.064131	0.139505817	0.0325030876	0.827110105
-85.0245104	194.27458	0.137791631	0.0950238424	0.860622825
-86.806337	194.662914	0.152870144	0.659297655	0.8322244
-72.0865352	184.086406	0.153784702	0.06174703	0.827948596
-75.7339501	184.587844	0.158137814	0.901472953	0.876306509
-80.2156765	172.572322	0.15969385	0.0	0.842692504
-82.2847678	173.095376	0.172043141	0.993516646	0.90203811
-54.285378	161.601132	0.177432099	0.99971817	0.929359695
-54.201709	161.458137	0.233755692	0.938646968	0.477488403
-67.3281044	159.483228	0.231073995	0.828535784	0.566754095
-69.222659	160.1483	0.187238257	0.522157916	0.880571088
-70.0784492	144.530707	0.198931224	0.853260234	0.784620195
-68.6195337	144.330351	0.205952025	0.993837675	0.921143974
-48.9043359	138.500882	0.201803696	0.991267896	0.229897368
-45.3024164	137.981065	0.203416804	0.00884068649	0.886881559
-54.551864	116.338133	0.249996479	0.973700046	0.844529257
-51.8308037	116.243116	0.244195102	0.0876366447	0.661845085
-50.7043493	131.132013	0.207400334	2.6302545999999997e-18	0.891508855
-48.5990811	130.848498	0.219631892	0.631912223	0.710279907
-51.6865229	124.344583	0.238770412	0.755439283	0.699415253
-49.4940783	124.317507	0.22790538	0.81378434	0.71669553
64.6252757	187.820035	0.163704625	0.55370473	1.0
62.9973868	188.290678	0.169245505	0.311720125	1.0
-58.9357903	117.87241	0.25	0.480815021	0.711753658
-59.1296632	117.713347	0.249761608	0.982746137	0.835018546
