# Loss = 0.012238674454672966

# tsi		tv1m		tv2m		tvp		twm		twp		td		to		tr		xk		uc		uv		ucsi
26.85242014	16.3788866	1249.505989	4.325788147	38.30336669	869.3401812	0.05	23.79198382	26.30699843	10.99871426	0.1	0.0175210091	0.1023525841

# t0		TI		IA		v0		w0
-217.043288	543.208879	0.0568768073	0.992833379	0.851499525
-219.347346	543.080621	0.0645115285	7.670840749999999e-18	0.971623772
-101.224946	486.355889	0.0631228302	0.663236218	0.40548037
-103.206304	486.411118	0.0708197415	0.467574033	0.413878523
-153.244196	438.47814	0.0678262367	0.31047618	0.924943417
-155.167714	438.573218	0.0730558609	0.0110157105	0.991088259
-150.506162	357.33052	0.0795676741	0.973039811	0.925035233
-152.284493	357.500512	0.0863365627	0.615486364	0.954698979
-132.728565	337.592517	0.0830868764	0.980929309	0.908617821
-134.609329	337.728586	0.0895265279	0.0282004124	0.945739533
-128.039006	320.030558	0.0856095048	0.754899221	0.905185773
-129.96757	320.188757	0.0944278153	0.998526099	0.9559822
-119.693575	314.502256	0.0861572509	0.0444972777	0.879983719
-121.688265	314.550869	0.094736601	0.0152012094	0.929616152
207.293591	289.552961	0.0927611811	0.345607581	0.200207031
-82.6178007	289.545939	0.0993796743	0.955689058	0.842276061
-101.335302	278.593124	0.099084735	0.91653111	0.86374752
-103.030956	278.906546	0.106472052	0.80897394	0.91243567
-104.57315	277.275243	0.0964644957	0.565075189	0.861548641
-106.503616	277.47134	0.10600254	0.923249473	0.91409685
-117.317792	266.893139	0.102551079	0.957688344	0.919876181
-117.475056	266.744747	0.108867696	0.941530345	0.940120383
-90.3606185	261.757772	0.103628177	0.909971274	0.836244823
-90.497906	261.600625	0.110105622	0.323747284	0.819763628
-98.3134246	253.100583	0.107493027	0.931593564	0.856317886
-98.3540523	252.966738	0.114316546	0.803339196	0.912025147
-107.355963	238.76318	0.112592767	0.925170634	0.901642685
-109.11766	239.16676	0.119537174	0.922447727	0.934691945
-100.697102	233.835815	0.115453651	0.692250982	0.898607524
-100.78646	233.641251	0.121965893	0.897767848	0.909430909
-96.6370345	225.54519	0.120904148	0.975632684	0.881718315
-96.6206412	225.367846	0.126964676	0.678143822	0.906018204
-82.6689753	222.581396	0.123213193	0.93898569	0.839282418
-82.7897784	222.397464	0.128001073	0.908099502	0.88125249
-82.7161595	209.492378	0.128238416	0.536019446	0.853859174
-84.5586921	209.980448	0.135346558	0.815417116	0.899056602
-78.9388447	205.503874	0.13141517	0.713826303	0.838531606
-80.7563274	205.982453	0.135903134	0.849632939	0.83663775
-85.1519437	194.192918	0.135369614	0.242920867	0.859108164
-86.990053	194.643697	0.150825049	0.00606676219	0.846360132
-72.0396412	184.038023	0.150313584	0.811246116	0.83668758
-75.6608502	184.715222	0.160186812	0.814084524	0.931789488
-80.0634451	172.45296	0.1566044	0.284647653	0.891604501
-82.3100776	172.918197	0.163796475	0.0	0.871781479
-54.0341972	161.678268	0.167470834	0.939054356	0.775497141
-54.1148836	161.78969	0.177120917	0.281075876	0.857587104
-67.3160555	159.599023	0.174485756	0.548518994	0.825630401
-68.6821247	160.336004	0.226475914	0.847919616	0.631559856
-70.0927561	144.560815	0.192077243	0.896297131	0.807450476
-68.3501924	144.206033	0.196302232	0.759756267	0.826287018
-48.5634014	138.578778	0.208466764	0.959302998	0.87228886
-45.2546845	137.6656	0.200149883	0.993104245	0.674683103
-54.0408425	116.38999	0.242539113	0.718790429	0.81037323
-52.1434417	116.533682	0.227474399	0.0	0.804040554
-50.223516	132.504794	0.198386172	0.249572469	0.70266494
-48.5671745	132.064862	0.205132706	0.988390702	0.855020807
-51.2038702	124.7913	0.223196078	0.896295959	0.659383602
-49.5350089	124.775375	0.208712941	0.924023556	0.709798371
64.5210108	187.835463	0.156895249	0.149289954	0.370953741
62.8295829	188.292117	0.171286087	0.923710607	0.299588586
-58.8880613	118.088961	0.242741808	0.738078669	0.663876528
-58.9562981	117.707843	0.242980233	0.585234053	0.784371959
