# Loss = 0.013110920258341322

# tsi		tv1m		tv2m		tvp		twm		twp		td		to		tr		xk		uc		uv		ucsi
24.16739886	14.76474966	1249.051238	5.237671096	43.46877946	868.1530844	0.05	18.67731848	24.59541295	10.48769425	0.1	0.01703834103	0.1

# t0		TI		IA		v0		w0
-217.132328	543.172237	0.0534474152	1.0	0.845231749
-219.425598	543.056371	0.0614534482	0.00184817622	0.935278645
-101.229928	486.365425	0.057973359	0.534849538	0.300095515
-103.179107	486.435466	0.0641552883	0.547949234	0.42359431
-153.124095	438.550107	0.0613454949	0.0984679878	0.985222835
-155.146514	438.613906	0.068888609	0.150774451	0.912551537
-150.422971	357.395084	0.0738646351	1.0	0.873629046
-151.721682	357.796715	0.0783172338	0.979852416	0.937954011
-132.50171	337.720935	0.0737257206	1.0	0.868155059
-134.683237	337.722058	0.0849681398	0.029936975	0.896022688
-127.976412	320.072832	0.0797187384	0.541542515	0.875295213
-129.778538	320.297323	0.0886504958	0.792705952	0.912173178
-119.636498	314.486609	0.0802254163	0.902503939	0.852084243
-121.629278	314.54795	0.089107328	0.676069397	0.915083034
207.306972	289.576671	0.0861598616	0.110236275	0.0356959137
-82.6356083	289.577432	0.0967872498	0.0399669048	0.825228389
-101.393168	278.567866	0.0939733955	0.0286588869	0.853172136
-103.244806	278.84138	0.100441758	0.989552435	0.855911102
-104.424093	277.339502	0.0903058754	0.819587788	0.797114389
-106.439066	277.52443	0.100342218	0.997373095	0.887131144
-117.36301	266.905391	0.0958274405	0.915058796	0.878545612
-117.407082	266.804231	0.101610912	0.135965369	0.90123312
-90.5503279	261.726823	0.0964953352	0.0217647354	0.858393725
-90.7265511	261.535784	0.106401249	0.034510907	0.850077683
-97.7584207	253.348856	0.0975262154	1.0	0.815500308
-98.6136612	252.862774	0.107296858	0.0597336691	0.851791851
-107.213193	238.826079	0.107525942	0.939069267	0.867035869
-109.159595	239.207781	0.114769105	0.986886123	0.904667253
-100.685368	233.882893	0.109530567	0.932401461	0.835047345
-100.815109	233.667865	0.116187461	0.914696272	0.854444002
-96.4292149	225.613672	0.115561523	0.0323706964	0.840807256
-96.6295134	225.4004	0.122605682	0.959867354	0.879465155
-82.6842597	222.648078	0.119981104	0.0247699392	0.823495266
-82.7856617	222.459017	0.124698306	0.00422337805	0.828545978
-82.8854958	209.381712	0.134782229	0.393476392	1.0
-84.6361765	209.97056	0.140554207	0.174598252	1.0
-78.8498609	205.546461	0.125522547	0.594804225	0.815869654
-80.6468658	206.06019	0.133904923	0.843856074	0.796978731
-85.0194728	194.244522	0.128704755	0.655734972	0.818066968
-86.9885596	194.664692	0.14678716	0.00277097909	0.836129981
-72.0477817	184.020948	0.146803558	0.492566221	0.815032295
-75.9502045	184.565318	0.162137857	0.80740662	0.961682005
-80.3659815	172.478934	0.155305477	0.867884357	0.892868423
-82.1231625	173.184915	0.163479202	0.934701863	0.881188474
-54.1488356	161.711762	0.161868065	0.0393246765	0.733731235
-54.400207	161.690242	0.17832359	0.846152191	0.896447103
-67.4062536	159.540716	0.157937898	0.717278511	0.658580258
-68.7921815	160.278728	0.24028089	0.881343407	0.622070823
-70.0478092	144.538028	0.174253094	0.793859401	0.694386312
-68.3392241	144.221155	0.204591221	0.227342947	0.807329218
-48.367004	138.488621	0.213683094	0.874625794	0.438303894
-45.3456536	137.830432	0.206255538	0.368093527	0.852946622
-54.1506728	116.242719	0.208369346	0.00385113778	0.677317772
-51.926438	116.196417	0.243748715	0.818930343	0.698850199
-50.520049	131.838851	0.198343456	0.875324891	0.495849161
-48.7099241	131.422114	0.211313712	0.955180903	0.836809923
-51.0699451	124.464881	0.226732214	0.802907794	0.591802934
-49.4837544	124.51337	0.217715922	0.995216245	0.674275183
64.5684991	187.850407	0.153848065	0.498000618	1.0
62.9015125	188.360226	0.15447574	0.980442281	1.0
-58.9341583	117.844625	0.243906326	0.248112346	0.641194464
-58.8065625	117.638915	0.22564578	0.510010683	0.787310137
