# Loss = 0.012719823121747128

# tsi		tv1m		tv2m		tvp		twm		twp		td		to		tr		xk		uc		uv		ucsi
23.14354217	34.85587159	1251.675061	8.229058078	18.87788985	874.3398084	0.05923247876	8.795896623	22.18780461	10.99590827	0.1	0.01532012766	0.1042274449

# t0		TI		IA		v0		w0
-217.003561	543.244569	0.0572436934	0.823611302	0.988592374
-218.839035	543.383998	0.0643388933	2.00146237e-17	1.0
-101.233527	486.38072	0.0615772247	0.0294941934	0.652371885
-103.130461	486.496489	0.0671732262	0.0404091985	0.917498911
-152.78346	438.773541	0.0623860225	0.03001493	1.0
-154.59362	438.965302	0.070014212	0.921022462	0.996284066
-150.476262	357.423616	0.0701753448	0.988747454	0.921454731
-152.367549	357.590573	0.0838901603	0.342270961	1.0
-132.582156	337.704092	0.0739861349	0.581154893	0.950179662
-134.471746	337.894288	0.0822651855	0.981620403	1.0
-127.818054	320.191337	0.0748951802	0.911025226	0.82571056
-129.707951	320.462784	0.0869360819	0.964891104	0.992050348
-119.736668	314.286295	0.0727029234	0.998209774	0.677516579
-121.707626	314.392947	0.0868992761	0.987426262	0.995722437
207.346729	289.696728	0.0773203437	0.493737559	0.108034507
-82.4351959	289.761275	0.0870199601	0.898545304	1.0
-101.144779	278.67851	0.0833309978	0.989331285	0.499629943
-102.777122	279.109858	0.09493733	0.565895746	0.957133336
-104.551263	277.290985	0.0804314995	8.197777369999999e-18	0.782406129
-106.084651	277.740711	0.0938333744	0.522242982	0.938968346
-117.224585	267.007157	0.0830213689	0.816058305	0.903007675
-117.38516	266.818189	0.0922283747	0.967377585	0.936846383
-90.2821858	261.907318	0.0835713232	0.18293028	0.718801384
-90.307545	261.744184	0.093258	0.740262569	0.832029081
-98.4742243	253.048035	0.0849028651	0.994508923	0.725253113
-98.2428804	252.913172	0.0960113422	0.772867998	0.877466534
-107.239252	238.824289	0.0846708984	0.613194162	0.875014367
-109.175444	239.312255	0.0986454998	0.933120708	0.936196613
-100.533767	234.009792	0.0882950969	0.413993793	0.863602262
-100.675194	233.739722	0.0981636063	0.0165023978	0.959994417
-96.5323088	225.673071	0.094157593	0.776200214	0.860595804
-96.5652088	225.449404	0.10397711	0.7533555	0.936320098
-82.6658793	222.880884	0.0954667439	0.642795871	0.718777908
-82.5423101	222.744964	0.101393008	0.0134138906	0.885515954
-82.8263053	209.484627	0.0908266686	0.909750433	0.743555035
-84.4498088	210.169804	0.107755819	0.502657671	0.850128308
-79.0368554	205.428171	0.0960202603	0.869890646	0.68284515
-80.5180971	206.134052	0.107959514	0.00570435573	0.905917892
-85.197861	194.22526	0.0982057898	0.352967499	0.854670059
-86.9291631	194.713685	0.118227855	0.0211145438	0.910707178
-71.6082693	184.146923	0.10962952	0.363495317	0.665167752
-75.8201133	184.671327	0.132593764	0.835714287	0.918198997
-80.3687921	172.416045	0.120290203	0.00655770583	0.954987821
-82.1243964	173.034846	0.133090353	0.0	0.971964542
-53.9438611	161.574678	0.127654831	0.464081007	0.640974397
-54.0805344	161.579209	0.146606896	0.930065027	0.719651117
-66.9510076	159.380974	0.137128327	0.551299247	0.817312458
-69.090162	160.150298	0.150468124	0.925528363	0.868260429
-70.1459183	144.511601	0.166171262	0.60200352	0.844162205
-68.2845949	144.233484	0.161336001	0.841364373	0.829027692
-48.6039695	138.059752	0.184120932	0.954709081	0.986754045
-44.9750014	138.111204	0.160288034	0.540724136	0.464407009
-54.2480158	115.696522	0.238012046	0.67807454	0.942634553
-51.9556646	115.707293	0.217127701	0.0320953559	0.94946911
-50.3945261	132.360549	0.157397215	0.802805089	0.541005033
-48.7143548	131.603452	0.1823807	0.461372802	0.597383505
-51.410465	124.071316	0.193737935	0.988158161	0.599892617
-49.6005551	124.232457	0.194762117	0.0331784207	0.963093695
64.6060453	188.138929	0.149836023	0.927451579	0.928056252
63.0724377	188.773425	0.147873012	2.08708918e-17	0.192662052
-59.2006706	117.422346	0.205684247	0.759468086	0.670170444
-59.1545153	117.465123	0.238898598	0.556482925	1.0
