# Loss = 0.008527495616867662

# tsi		tv1m		tv2m		tvp		twm		twp		td		to		tr		xk		uc		uv		ucsi
21.14220914	7.72520411	1250.386872	3.025289899	41.00928849	873.0604582	0.23944886	15.80407418	20.95201397	9.155411955	0.1	0.01110395196	0.1408066173

# t0		TI		IA		v0		w0
-217.273922	543.088472	0.064411402	0.38547127	0.992833134
-219.253657	543.174028	0.0692419347	0.585131468	0.991606296
-101.150753	486.4058	0.0714863209	0.630328372	1.0
-103.106293	486.505463	0.0767258666	0.86479695	1.0
-152.726538	438.79979	0.0723847113	0.981619922	1.0
-154.806504	438.869526	0.0790191148	0.585648686	1.0
-150.448858	357.443801	0.0870846387	2.1412133200000001e-16	0.963723396
-152.402339	357.585666	0.0915261297	7.806255639999999e-17	0.990325695
-132.61774	337.702427	0.0903395251	0.00698109686	0.962465052
-134.580212	337.879687	0.0970658868	0.0163436565	0.972266259
-127.822819	320.177604	0.0924312285	0.0454000977	0.970997003
-129.903964	320.383059	0.100484146	0.039278675	0.968897165
-119.765267	314.307279	0.0930903945	7.734752369999999e-17	0.978385807
-121.75149	314.40879	0.0995294174	0.278877366	0.944026317
207.359036	289.706196	0.0999350916	0.382977003	0.0346564476
-82.615248	289.713378	0.105216042	0.708310288	0.824489808
-101.36144	278.628677	0.106077719	0.0706440451	0.929263384
-103.157035	278.985453	0.111964213	0.039083801	0.948948166
-104.614036	277.306293	0.103290436	0.0517701142	0.950749284
-106.445964	277.652964	0.111610026	0.00384373501	0.949311564
-117.237295	267.079936	0.107171899	0.176301753	0.948728378
-117.390688	266.873105	0.115204101	0.0	0.963748669
-90.3120885	261.999016	0.107989168	0.0720267609	0.949059106
-90.7211236	261.650749	0.116519011	0.183738077	0.928695565
-98.4046075	253.131516	0.113907362	0.00848977724	0.936524126
-98.5777187	252.91187	0.120375281	0.00463869817	0.940199051
-107.361372	238.867477	0.117394137	0.111177643	0.948408063
-109.25695	239.393738	0.125319157	0.546428731	0.91208093
-100.617602	234.02408	0.122639806	0.0227594735	0.941905084
-100.817773	233.761531	0.127886986	0.0942022797	0.92691666
-96.3166626	225.765896	0.127156654	0.054367445	0.91636111
-96.3625037	225.5274	0.133260411	4.4144590599999994e-17	0.946998253
-82.6607484	222.892076	0.129404932	0.27471469	0.825948391
-82.7258787	222.676161	0.133593176	0.0446093254	0.916280928
-82.826612	209.603334	0.131000799	0.191429813	0.884971282
-84.5433758	210.200986	0.140308485	0.0869890791	0.922044149
-78.9727129	205.573423	0.138441547	0.012907863	0.900496116
-80.725305	206.150176	0.142297397	0.0360466674	0.884578823
-85.1409841	194.309811	0.141879318	0.133023952	0.904003468
-86.6360124	194.72225	0.155321264	0.0181854846	0.886719846
-72.1452371	184.126587	0.156872987	0.107338206	0.866504208
-75.9364846	184.666637	0.161269893	0.0452582761	0.919681176
-80.6004669	172.523504	0.161253524	0.993528142	0.878765027
-82.258925	173.305988	0.165668217	1.8578761599999997e-17	0.904707964
-54.2652155	161.634796	0.172721896	0.0305505153	0.873154612
-54.3948415	161.589198	0.181125171	0.0694376965	0.887716154
-67.5347112	159.586685	0.183215008	0.0184891865	0.900789927
-69.189656	160.170572	0.184863836	0.982838266	0.922025882
-70.7767719	144.588998	0.197809539	0.78201293	0.881787451
-69.0885688	144.379475	0.192896844	0.979275012	0.854992497
-49.024147	138.482061	0.210864685	0.672471067	0.911531314
-45.0058255	138.088353	0.207778397	0.227453739	0.63010678
-54.6307103	116.350291	0.25	0.386253186	0.831772271
-51.8857326	116.191288	0.25	0.0159509338	0.826332597
-50.5209603	130.865092	0.222794139	0.100627904	0.773502507
-48.7999899	130.720722	0.219251563	0.0155350774	0.829165405
-51.4224535	124.199873	0.240359432	0.994025375	0.782050943
-49.571013	124.249679	0.225364681	0.382219589	0.757117836
64.6753488	188.044022	0.160863181	0.759279225	0.5278143
63.0857599	188.540296	0.189900174	0.999262814	0.996352144
-59.0707436	117.842715	0.25	0.36546804	0.78214229
-59.4698041	117.752408	0.239429583	0.970650098	0.861607355
