# Loss = 0.013494648889926074

# tsi		tv1m		tv2m		tvp		twm		twp		td		to		tr		xk		uc		uv		ucsi
16.32625663	29.20971718	1251.302696	5.56958944	39.50744979	875.4454756	0.07046310395	25.477806	16.87114655	10.98708171	0.1	0.01	0.12327202

# t0		TI		IA		v0		w0
-217.375828	542.979467	0.0592902553	0.0155727129	0.991133981
-219.26338	543.092548	0.0647510984	5.93789187e-18	1.0
-101.329761	486.239584	0.062189992	0.840779104	0.182559846
-103.232024	486.358895	0.0718052779	0.684010918	0.433653873
-153.293012	438.447977	0.0678582831	0.153845993	0.962371351
-155.099599	438.651777	0.0728908985	0.337130488	0.890723846
-150.492903	357.248895	0.0792215438	0.022469536	0.936682287
-152.214723	357.52175	0.0844767655	0.823477532	0.968432337
-132.70731	337.475365	0.0816280055	3.1913441399999998e-18	0.959294994
-134.658693	337.66313	0.0872509497	0.00234188815	0.966473703
-128.096438	319.852027	0.0821506646	0.0212754471	0.960039062
-129.646294	320.277504	0.0938379589	0.969331037	0.95432426
-119.968017	313.822481	0.0853996407	0.0338041704	0.928210471
-121.620077	314.072293	0.0916168751	0.937325722	0.953196682
207.257584	289.666926	0.0886047642	0.447584699	0.119025925
-82.5846862	289.573209	0.0966729428	0.9163195	0.831348534
-101.33174	278.41338	0.0956376488	1.0	0.858725829
-102.595941	279.088976	0.102845034	0.978519246	0.918321961
-104.715947	277.027765	0.0967367642	0.0226787307	0.894422268
-106.244807	277.598984	0.102008751	0.998050809	0.916765463
-117.153547	266.869677	0.0994869266	0.752062033	0.930729552
-117.441328	266.585595	0.10459022	0.814136111	0.922416411
-90.5470478	261.693747	0.0998975664	0.977477791	0.885020416
-90.6767698	261.439173	0.10400434	0.0556132792	0.930612813
-98.3501893	252.930797	0.103466401	0.40503975	0.881799506
-98.5803218	252.609003	0.11084142	0.230665615	0.92257822
-107.380822	238.599907	0.110928564	0.829844951	0.924997722
-109.082621	239.352417	0.116966967	0.988929998	0.934002507
-100.609857	233.932334	0.112184672	0.963069234	0.919057179
-100.841133	233.545753	0.118519637	0.885626883	0.921852036
-96.5236468	225.654672	0.117791143	0.0119770891	0.909341528
-96.7551814	225.315428	0.123705827	0.00745810566	0.933631672
-82.9174399	223.299921	0.0741442417	1.0	3.84386828e-17
-82.6997394	222.80743	0.125993172	0.0828073431	0.883520067
-82.8608108	209.344839	0.126712006	0.0358677906	0.871850228
-84.3543584	210.35209	0.134482592	0.990386173	0.917007072
-79.1212559	205.18676	0.128527567	0.0434729951	0.878544219
-80.5978946	206.187315	0.133658015	0.990099001	0.866664132
-84.9456685	194.176224	0.133850616	0.997590401	0.868809572
-86.7162649	194.961051	0.147915728	0.508428328	0.873189171
-71.9000466	184.061432	0.148726457	0.538301266	0.877326888
-75.5871516	185.064487	0.160611453	0.996761539	0.914482298
-80.8908942	172.352748	0.15929887	0.640256329	0.908844084
-82.5279247	173.190038	0.168095493	0.348955262	0.935637983
-53.5197173	162.135283	0.173318363	0.92145281	0.805050859
-53.9472367	162.413837	0.17545393	0.910662288	0.873267824
-67.0360347	159.777137	0.175158757	0.689218179	0.87188463
-68.8180285	161.077478	0.181462416	0.865265569	0.900456284
-70.2319255	144.768949	0.200701582	1.0	0.822910705
-68.2984244	144.244886	0.181715231	0.0	0.839430735
-48.7665883	138.837023	0.197865156	0.941675133	0.782125505
-45.425626	137.521746	0.193180175	0.849097905	0.912045977
-54.4097756	116.606158	0.234039274	0.0	0.800249681
-52.284596	116.705643	0.239601005	0.58694616	0.793143018
-49.8705872	134.48481	0.183781439	0.158890603	0.66985854
-48.1047217	133.631642	0.179328029	0.580820613	0.796577601
-51.3847557	125.354956	0.220762338	0.991795402	0.619134954
-49.2547578	125.34003	0.199306103	0.864872726	0.690898586
64.6603592	188.3409	0.150706452	0.00123127254	0.550243678
63.2865629	189.22301	0.17537171	0.935198941	1.0
-59.1305471	118.245492	0.238927401	0.992627332	0.673151794
-59.3364877	117.862131	0.235819964	0.8386888	0.802615062
