# Loss = 0.010537719343407116

# tsi		tv1m		tv2m		tvp		twm		twp		td		to		tr		xk		uc		uv		ucsi
31.95684141	18.87510252	1250.071099	6.808395429	41.12151302	870.114008	0.5	33.43535051	30.68586716	10.98277377	0.1	0.01766369933	0.1

# t0		TI		IA		v0		w0
-217.560707	542.927395	0.0588114339	0.567941554	0.910571681
-219.46679	543.007316	0.0637939598	2.3390848e-17	0.982912787
-101.221817	486.341208	0.0665073664	0.619543843	0.687578745
-103.195079	486.398522	0.0693679202	0.402526873	0.999648424
-153.255328	438.472672	0.0693050616	0.259396864	0.963390204
-154.910295	438.692284	0.0723624676	0.979176317	0.931835318
-150.423635	357.365905	0.080801183	0.118630298	0.89822174
-152.344341	357.477872	0.087877451	0.00604080049	0.938196905
-132.617407	337.635888	0.0847636839	0.152931449	0.871498889
-134.675563	337.693688	0.0912069692	0.247185155	0.897265162
-127.86381	320.102309	0.0880618354	0.392500421	0.837296487
-130.005784	320.190953	0.0952625906	0.0157386031	0.937437377
-119.739367	314.437369	0.0881527201	0.26794191	0.859701936
-121.532496	314.588634	0.0968378828	0.0662715355	0.9108179
207.297968	289.593438	0.0954066865	0.115296052	0.126403794
-82.5736767	289.589971	0.100845485	0.588464138	0.905616409
-101.323995	278.599515	0.103267941	0.15232135	0.84278566
-103.13648	278.886593	0.109819655	0.0017896767	0.877914282
-104.577714	277.271674	0.0999091339	0.799240741	0.814545912
-106.382313	277.546385	0.108456628	0.969845621	0.861693647
-117.278767	266.929896	0.105581043	0.181288612	0.862625323
-117.463689	266.761068	0.111105108	0.0562152432	0.887282376
-90.6056995	261.670186	0.107754261	0.736990107	0.781636933
-90.5226032	261.607528	0.112379581	0.685492038	0.826810731
-98.4558336	253.045012	0.109940333	0.120075906	0.835723907
-98.6317991	252.84005	0.118453065	0.00405818737	0.881369545
-107.413722	238.765087	0.116912936	0.10831204	0.875461081
-109.258274	239.176365	0.123082731	0.0412706571	0.917617559
-100.703191	233.878813	0.119001411	0.261233541	0.846780011
-100.814064	233.67889	0.126520984	0.11597695	0.872283679
-96.407521	225.631953	0.124735505	0.720602932	0.844875664
-96.6648074	225.403038	0.131362679	0.0700642691	0.869707966
-82.5516997	222.677326	0.128934928	0.048016826	0.843316206
-82.7316588	222.478183	0.133400456	0.0137175938	0.852914013
-82.663041	209.594481	0.131796513	0.322023653	0.793399485
-84.5486851	210.046681	0.139841736	0.00486558182	0.885577573
-78.8671996	205.568141	0.136642902	0.92283083	0.801185269
-80.640627	206.090378	0.144137366	0.948504776	0.809112339
-85.0137864	194.305679	0.145290781	0.296938584	0.840507114
-87.0337838	194.523861	0.159096263	0.819782674	1.0
-72.1154814	184.091994	0.158004757	0.0153143942	0.808588498
-75.553291	184.736802	0.162765249	0.816229097	0.891946968
-80.0830348	172.519327	0.164387571	0.0	0.812399873
-82.4022453	173.166519	0.171985979	0.610132038	0.906550109
-54.3237453	161.718267	0.177133164	0.0702689711	0.740358619
-54.3327507	161.702077	0.179461087	0.49126762	0.803544428
-67.4493863	159.634273	0.181098931	1.0	0.815759939
-69.3327007	160.364823	0.186683409	0.799825245	0.892595408
-70.2197444	144.592271	0.195758855	0.999587231	0.403426891
-68.4131123	144.319126	0.189139735	6.99288244e-18	0.746107473
-48.8227899	138.522782	0.207368789	0.246526931	0.712550388
-45.2544224	137.969313	0.210585619	0.878074416	0.598881591
-54.059456	116.253533	0.25	0.361980167	0.816658306
-51.9652137	116.193611	0.25	0.0556962024	0.661534441
-50.2377254	131.879435	0.21007566	0.480583495	0.587778428
-48.5524396	131.524474	0.213927243	0.798862827	0.452109401
-51.7082839	124.509732	0.234209883	0.793456486	0.612645429
-49.6708739	124.567116	0.220906973	0.126157355	0.60170637
64.5422664	187.928613	0.166009967	0.994152632	0.996208135
62.8682951	188.382934	0.172225642	0.722741008	0.998202969
-59.1352093	117.8803	0.25	0.757013944	0.585410689
-59.2004939	117.706635	0.244357645	0.760236107	0.745724386
