# Loss = 0.011688205786593842

# tsi		tv1m		tv2m		tvp		twm		twp		td		to		tr		xk		uc		uv		ucsi
29.84529717	27.96337277	1250.485358	13.23952918	21.43900124	871.9794583	0.5	5.405864001	27.13989469	10.86396715	0.1223287627	0.02238889386	0.1

# t0		TI		IA		v0		w0
-217.250315	543.140794	0.0615940246	0.00441085101	1.0
-219.126988	543.264013	0.068454133	0.0	0.992572641
-101.153259	486.441262	0.0411316038	0.251071994	0.470394508
-103.079377	486.5406	0.0543735173	0.153858231	0.961738672
-152.807897	438.779448	0.0403654675	0.326566498	0.994614996
-154.962707	438.820211	0.0749959438	0.00615388596	0.944051233
-150.369132	357.52207	0.0669054085	0.0945006858	1.0
-152.338635	357.653397	0.0911192335	0.0302553938	1.0
-132.482003	337.807658	0.0638195543	0.334556276	0.953787477
-134.472143	337.950667	0.0976217488	0.108734066	0.998607591
-127.86461	320.214398	0.0672046312	0.212980357	0.963749117
-129.882717	320.416544	0.100657649	0.028982726	0.990517275
-119.764545	314.34778	0.0756730097	0.114195695	0.94053423
-121.557308	314.539227	0.0910200622	0.325363952	0.956865181
207.374708	289.676796	0.0762330607	0.49033746	0.106469631
-82.4608336	289.761611	0.0924739593	0.164886238	1.0
-101.310247	278.65808	0.0892008594	0.0832234845	0.936773865
-103.22202	278.97042	0.0980632516	0.112566623	1.0
-104.573892	277.331147	0.0811423032	0.0778598966	0.951762896
-106.256836	277.72011	0.100076229	0.793372773	0.897400674
-117.20616	267.088791	0.0909373404	0.100601989	0.966712055
-117.37612	266.891642	0.1005122	0.110704555	0.983489047
-90.5145976	261.885478	0.0924419381	0.0418835646	0.867830985
-90.5860672	261.700374	0.110625062	0.0157998949	0.996253187
-98.3772214	253.162172	0.0935365111	0.720109204	0.794800071
-98.4818395	252.940408	0.115316732	0.0	0.998579253
-107.254585	238.850995	0.0989282329	0.284829285	0.905552625
-109.097758	239.390459	0.106672236	0.468034855	0.955436986
-100.635148	234.008035	0.101972014	0.197190389	0.957079984
-100.774919	233.727802	0.110844094	0.0641303565	0.971201374
-96.530166	225.694389	0.104147381	0.074472483	0.959751087
-96.6822497	225.473231	0.121063903	1.0	0.969101134
-82.593828	222.914436	0.104032434	0.0891198753	0.913897155
-82.6155125	222.694114	0.109553614	0.348672257	0.841933303
-82.7185556	209.533248	0.118823668	0.29556723	0.830164394
-84.4890164	210.210819	0.132497096	0.0680526378	0.969466227
-78.9465216	205.47276	0.119881797	0.0350467357	1.0
-80.6308272	206.147408	0.122832632	0.994451221	0.600282962
-84.9824842	194.194502	0.119532525	0.949660284	0.685406047
-86.9195373	194.761504	0.13817417	0.0765463206	0.909555084
-72.1243845	184.001871	0.142732116	0.610978926	0.679228479
-75.8265754	184.740484	0.152371637	0.845694241	0.86315668
-80.2462267	172.441667	0.145336352	0.00428111473	0.938729063
-82.0705505	173.348877	0.146861074	0.978466748	0.877245202
-54.0936109	161.799734	0.143593238	0.0973412868	0.171677291
-54.3364935	161.794954	0.158408026	0.0241908598	0.913046016
-67.3186469	159.591138	0.162550859	0.25902425	0.941278691
-68.9082404	160.414856	0.147028808	0.384144554	0.604929605
-70.1806016	144.518939	0.180158395	0.937258925	0.730396997
-68.1915301	144.167232	0.182156448	0.603847014	0.711858111
-48.8613652	138.585956	0.215399127	0.0278404281	0.0691643055
-45.373478	137.519855	0.192327531	0.66914242	0.404042069
-53.8673052	116.202087	0.248939372	0.0	0.655775872
-51.9364768	116.23203	0.240337803	0.12371967	0.712680803
-50.3608067	132.291867	0.193817615	0.944126211	0.229306019
-48.5048995	131.726926	0.224092663	0.0396133484	0.483784182
-51.4268399	124.691211	0.209919625	0.750019815	0.420664721
-49.5459281	124.676078	0.219290781	0.0221267121	0.646813442
64.668178	187.949336	0.14489883	0.218386308	0.854161922
63.2016657	188.577584	0.165392392	0.0186537545	0.695950593
-59.0546392	117.905683	0.234961996	0.737620512	0.462903192
-59.2490691	117.647816	0.234338246	0.71322142	0.649426724
