# Loss = 0.009916588366133242

# tsi		tv1m		tv2m		tvp		twm		twp		td		to		tr		xk		uc		uv		ucsi
32.32193426	28.26013316	1250.920931	12.52128104	40.21992679	872.8508427	0.5	4.394230914	29.498105	9.000099281	0.15	0.01519832475	0.1402659579

# t0		TI		IA		v0		w0
-217.576262	542.910832	0.0248931918	0.977080528	0.97949492
-219.378688	543.097812	0.0290354349	0.995983906	1.0
-101.147416	486.455009	0.0356264195	0.364875827	0.490204422
-103.132818	486.47649	0.032447609	0.723349449	0.994862384
-153.248406	438.40442	0.0384357794	0.941175656	0.958653057
-155.020171	438.776242	0.04642349	0.33817473	1.0
-150.585204	357.241098	0.05369369	0.939769856	0.875984364
-152.587198	357.312403	0.0725263068	0.900085867	0.998624074
-132.822374	337.512922	0.0453246535	0.353928279	0.946164713
-134.671995	337.77753	0.0640815322	0.315229704	1.0
-128.167276	319.903224	0.0523359698	0.483393647	0.928227637
-130.000835	320.261282	0.0645089757	0.511005476	0.992282434
-119.744105	314.534744	0.0652846569	0.469079603	0.889146429
-121.600019	314.754541	0.0689347825	0.749500605	0.981983211
207.254581	289.409111	0.0669676647	0.00433675659	0.967260265
-82.6458957	289.545775	0.0636706601	0.62605003	0.738147032
-101.449452	278.452978	0.0694325068	0.90710414	0.609037626
-103.343038	278.752134	0.0831478064	0.336689037	0.976241674
-104.806969	277.019747	0.0608431125	0.331160815	0.866535531
-106.633898	277.358293	0.0800056007	0.811492503	0.897829408
-117.433719	266.791711	0.0624140428	0.947867479	0.880586981
-117.41203	266.764875	0.0751037342	0.800262349	0.926835588
-90.7318771	261.405917	0.0611396718	0.910524681	0.377903263
-90.7684067	261.434312	0.0933296143	0.381430828	0.93934759
-98.6086046	252.840424	0.0690810722	0.322496213	0.83831131
-98.6442625	252.840886	0.0952326886	0.504709661	0.930026698
-107.486648	238.496588	0.0708541133	0.876818666	0.842851837
-109.319224	238.895016	0.0919421799	0.949622807	0.938424359
-100.844144	233.524117	0.0833135079	0.411401855	0.916096676
-100.863311	233.493154	0.0985926578	0.963053308	0.901825644
-96.6433339	225.240217	0.0918918606	0.616293192	0.894795227
-96.69373	225.191621	0.114350377	0.808370373	0.890905563
-82.8201398	222.170139	0.0979161781	0.902010275	0.746796919
-82.8994281	222.150848	0.129413659	0.341009818	0.994981132
-82.8783332	209.227808	0.0974313795	0.295056399	0.840523365
-84.7066228	209.675616	0.117418853	0.846106691	0.883096899
-79.0162725	205.322267	0.109022476	0.35458784	0.852982668
-80.8276555	205.735367	0.11690597	0.964374407	0.800012362
-85.2301494	193.865688	0.107625292	0.923390454	0.775400364
-87.0776079	194.28064	0.120189774	0.724727379	0.800389667
-72.1319273	183.726295	0.137369977	0.883945227	0.77407513
-75.9935464	184.193512	0.141898856	0.71811818	0.859653674
-80.3664339	172.160833	0.140355719	0.963219781	0.849236443
-82.2019913	172.703873	0.159363088	0.688933306	0.919179473
-54.5304246	161.212264	0.154287652	0.166852293	0.790295401
-54.372389	161.327873	0.154803279	0.771702435	1.0
-67.6342297	159.194029	0.151155497	0.70025386	0.757286463
-69.4295132	159.902645	0.162946304	0.137058064	0.909334556
-70.2122806	144.064411	0.209340684	0.992594017	0.678659062
-68.3114853	143.813817	0.239764924	0.306811555	0.881310207
-48.9734526	138.217687	0.218674526	0.0120989346	0.909546364
-45.3629521	137.265632	0.208266334	0.675056391	0.532654608
-53.9594058	116.200801	0.234655458	0.203796874	0.767551786
-51.3843323	116.101951	0.25	0.0	0.891330681
-50.5355319	131.595563	0.196431498	0.998436676	8.86226856e-16
-48.6591713	131.427057	0.210114332	0.0	0.949639381
-51.6806867	124.341512	0.21782319	0.641404549	0.373193495
-49.7085042	124.41085	0.246872188	0.0900628565	0.732515094
64.4221325	187.47803	0.166299713	0.132253411	0.436951032
62.673774	187.881396	0.183645147	0.415452682	0.621522531
-58.855083	117.873987	0.221791973	1.0	0.0956537504
-57.5527164	117.452288	0.25	0.0	0.0
