# Loss = 0.010815359272154532

# tsi		tv1m		tv2m		tvp		twm		twp		td		to		tr		xk		uc		uv		ucsi
36.38481035	37.3409719	1252.435099	5.826608918	35.341011	876.1814405	0.05248013112	59.04592216	32.48155156	9.495248042	0.1	0.01	0.1579566413

# t0		TI		IA		v0		w0
-216.293208	543.551589	0.0603993917	0.957415406	1.0
-218.868912	543.382541	0.065961196	0.0	0.956582766
-101.158411	486.35407	0.066217449	0.0	0.709801267
-102.959562	486.562644	0.0695906345	0.0	0.99860229
-153.148753	438.739862	0.0628464639	0.0505304642	1.0
-154.369398	439.228936	0.0708221485	0.0	1.0
-150.25549	357.591044	0.0736714111	0.999373932	0.999292824
-151.996747	357.932459	0.083162114	0.999075645	1.0
-132.550226	337.727122	0.0774926985	0.000349500899	0.953130858
-134.367099	338.101784	0.0891721663	1.4329814899999997e-17	1.0
-127.702169	320.231023	0.0806364789	0.00542993686	1.0
-129.088562	320.846641	0.0895481564	0.952820092	1.0
-119.530545	313.792368	0.0755243806	0.856925648	0.952953265
-121.672465	314.025428	0.0848691634	1.0	1.0
207.415005	290.036224	0.0847782295	0.382536425	0.00641621536
-82.5083697	290.033102	0.0901020773	0.905910278	0.997297682
-101.24811	278.654733	0.08760139	0.0043857006	0.93143248
-102.042698	279.449569	0.0973966354	0.968952161	1.0
-104.19046	277.446677	0.0826844952	0.991444792	0.838604414
-106.362435	277.908495	0.0967469748	0.0	0.966131765
-117.017313	267.255519	0.0867066399	0.948962944	0.937415571
-117.394672	266.959672	0.0983608892	0.991803699	0.973429925
-90.0352431	262.27882	0.0892230198	0.0419733487	0.779239322
-90.0503646	261.947431	0.10106814	0.997870322	0.942250232
-98.1000698	253.265545	0.0932931977	0.917133898	0.832249965
-98.2101989	252.943509	0.101233578	0.990204104	0.955277096
-107.311479	239.031499	0.096280755	0.946320545	0.909972014
-108.782344	239.749992	0.105227024	0.893253752	0.972081836
-100.459849	234.361459	0.099682647	0.894517597	0.891552657
-100.697379	234.019823	0.108179804	0.927856291	0.951255319
-95.6891667	226.17438	0.101479325	0.735975277	0.902899968
-96.3635072	225.760004	0.115814919	0.967116834	0.960435922
-81.9647783	223.599644	0.106064409	0.995605323	0.811663568
-82.7100488	223.189135	0.114500301	0.000165951953	0.957705982
-82.8765695	209.838386	0.109524743	0.0293358221	0.867799852
-83.6827104	210.695603	0.113284285	0.844305493	0.882584801
-78.9394483	205.686236	0.113241457	0.989723233	0.793670375
-80.5203828	206.510004	0.117465178	2.82146675e-17	0.924258206
-85.0348048	194.504514	0.116648832	0.0618330594	0.876697103
-86.9560137	194.923847	0.138741037	0.995350623	0.892246506
-71.5259685	184.122878	0.122923413	0.918027529	0.799407273
-75.6467964	184.789932	0.140540612	0.952994261	0.919928243
-80.8231226	172.938065	0.133555924	0.675655165	0.903652338
-82.0261126	173.426847	0.150831428	0.991136016	0.966230993
-54.1730516	161.602056	0.144374582	0.635670663	0.761213252
-53.7397809	161.403375	0.158576429	0.80679615	0.825298484
-67.136171	159.558206	0.159028399	0.735167597	0.853803298
-68.1685496	159.975831	0.16771591	0.973424941	0.88666076
-69.9966947	144.55606	0.173944748	0.964825949	0.767208761
-68.6148859	144.450786	0.176534254	0.5543102	0.647952651
-48.7198938	138.477559	0.182803432	0.69164493	0.74430697
-45.3494859	137.942968	0.189981833	0.016070159	0.737386858
-54.3112644	116.369453	0.25	0.014147319	0.0
-52.6730107	116.45947	0.237638213	0.733800981	0.880644813
-50.3874372	130.693798	0.183112792	0.438479524	0.578153726
-48.8885231	130.706307	0.200309305	0.602799208	0.511180679
-50.9041474	124.140935	0.201171949	0.689410531	0.623415158
-49.2005228	124.201034	0.216591033	0.584215583	0.874747151
64.7413984	188.426378	0.150586552	0.792012414	0.301387638
63.6919073	189.304372	0.159598185	0.136981924	0.845252838
-59.1807656	118.032225	0.236265587	0.413537412	0.577178456
-59.8913186	117.832235	0.226850901	0.94442708	0.717775836
