# Loss = 0.018018814672979312

# tsi		tv1m		tv2m		tvp		twm		twp		td		to		tr		xk		uc		uv		ucsi
16.34427083	2.071951037	1227.33906	1.0	30.52862334	819.3325321	0.5	3.630777128	16.42065224	11.0	0.15	0.04877156441	0.1055047765

# t0		TI		IA		v0		w0
-216.247207	544.200395	0.0544943077	0.774013984	1.0
-217.628968	544.91752	0.0598886561	0.0413716534	1.0
-100.120738	487.50705	0.0588653664	1.0	0.926637358
-101.512477	488.169113	0.0670137283	0.38003121	0.104318338
-152.035035	440.105317	0.0652421135	0.342033658	1.0
-153.576573	440.424049	0.0693660303	0.442963001	1.0
-149.368696	358.801026	0.0750828433	0.418318583	0.98091967
-150.223002	361.830206	0.0423298719	1.0	1.0
-131.765696	338.458706	0.0789875019	0.0	0.974171601
-133.457348	339.14205	0.0811357217	0.946142093	0.996766012
-127.954786	320.722843	0.0814442985	1.0	0.948558462
-129.799685	320.88323	0.0877957912	0.0792993488	0.99239166
-119.856984	314.628054	0.0812477619	0.536252132	0.9715411
-121.529716	314.761728	0.0894456725	0.791072908	0.966961004
207.788396	291.00616	0.0839493063	1.0	0.948506846
-82.4746213	290.065762	0.0945173635	0.460469757	0.838264375
-101.587487	279.022857	0.0913726892	0.758998132	0.939776778
-103.222079	279.193949	0.0970514655	0.387521535	0.974711073
-104.6598	277.686165	0.0899192365	0.433569228	0.951612864
-106.385059	277.858095	0.0995147469	0.11010726	0.919845174
-117.165444	267.400105	0.0940145354	0.998400631	0.967425453
-117.688591	267.298964	0.0965407072	0.925531682	0.978237662
-90.3260652	262.261603	0.0944973273	0.294628792	0.948559267
-91.1238267	261.988146	0.101551345	0.0351288761	0.969159458
-98.0727041	253.321545	0.0992279331	0.464741795	0.934093385
-98.8318819	253.164732	0.105527162	0.646427806	0.952068374
-107.415759	238.152603	0.118799925	0.46104392	0.951047073
-109.186816	238.500828	0.109883	0.347927859	0.988541292
-100.769613	233.449625	0.10809694	0.295938828	0.974874001
-101.596869	233.495248	0.113254086	0.164800832	0.967250975
-96.5882065	225.080364	0.111305925	0.578138747	0.952381551
-97.4809663	225.256321	0.116618728	0.899412435	0.96001304
-82.9920997	221.764867	0.116788282	0.784648751	0.919987477
-83.4438301	221.868768	0.118216495	0.513298015	0.940079151
-83.3159864	209.325296	0.117994276	0.508447368	0.923283364
-85.152887	209.40139	0.126815008	0.664493366	0.947049739
-79.1738795	205.618734	0.11934993	0.0	0.756126084
-81.2682913	205.508823	0.127188851	0.651206287	0.907619361
-85.9804998	194.354151	0.116932102	0.889279258	0.95059868
-87.0401566	194.278526	0.142601464	0.359600888	0.931316342
-73.5080019	184.270958	0.138642874	0.0	0.860689819
-76.741905	185.205781	0.0974050369	0.890767658	0.996638528
-79.9040939	172.333876	0.146053445	0.21689198	0.930032129
-82.0315035	172.438313	0.173401703	0.0	0.934114965
-53.7236378	164.650396	0.0572391276	1.0	1.0
-54.4583804	161.325382	0.162227735	0.842727855	0.89222374
-66.5607691	159.153099	0.155589865	0.356712132	0.887717171
-68.6928092	159.667379	0.170677486	0.101415346	0.940602684
-70.574258	144.73691	0.167400678	1.0	0.791542296
-75.3810853	145.157973	0.25	0.870800101	1.0
-48.4492636	138.282411	0.129235379	0.643856638	0.907884303
-47.6418844	138.226122	0.185556122	0.666573437	0.821409135
-63.4485368	117.850213	0.101231897	1.0	1.0
-52.8807351	116.327082	0.23363579	0.170524086	0.875095597
-50.8913907	130.941237	0.202482331	0.11982028	0.871653556
-49.7935907	130.811505	0.203719239	0.00123089804	0.837241234
-50.7547748	123.964061	0.213621142	0.0	0.87647051
-50.1362303	124.046907	0.0948684971	0.856637632	0.969278362
64.3925255	188.588847	0.110147974	0.0147158628	0.0
65.6562381	187.069222	0.144033546	0.108391205	0.951942805
-62.9212753	118.425557	0.231342805	0.949586365	0.894834671
-61.7201381	118.422108	0.0657894795	0.64840804	1.0
