# Loss = 0.010740959733454179

# tsi		tv1m		tv2m		tvp		twm		twp		td		to		tr		xk		uc		uv		ucsi
36.44540061	8.990356364	1249.656225	1.0	28.79356267	869.014263	0.5	1.770909622	32.18030608	10.19423826	0.1083850286	0.01	0.1384984804

# t0		TI		IA		v0		w0
-217.11004	543.211443	0.0761073404	0.453443854	1.0
-219.216578	543.227735	0.0823111129	0.135256739	0.999740574
-101.173867	486.440121	0.0816216178	0.637693176	0.3369911
-103.053864	486.555228	0.0870127417	0.299717917	0.943389975
-152.981488	438.724583	0.0859881298	0.881471839	0.964515825
-154.925689	438.8514	0.0909716155	0.934193873	0.988567052
-150.376992	357.533775	0.0998479938	0.124800865	1.0
-152.298705	357.688622	0.106232145	0.18273471	1.0
-132.665446	337.727202	0.103522288	0.173041234	1.0
-134.594302	337.894722	0.111118771	0.0555941122	1.0
-127.973969	320.174102	0.106081287	0.453729348	0.99368321
-129.93572	320.389633	0.113984919	0.198294668	1.0
-119.841579	314.322613	0.10689637	0.925015116	0.905606488
-121.66415	314.488754	0.115063201	0.234696814	1.0
207.384899	289.690076	0.111478046	0.446023214	0.256089665
-82.5807949	289.705804	0.118412521	0.665060648	0.946368645
-101.371114	278.626445	0.119615498	0.174977461	0.983070969
-103.18669	278.965503	0.126289249	0.161589521	0.962152319
-104.60991	277.307677	0.118069225	0.35498502	0.959427711
-106.531585	277.57947	0.125407831	0.0463154794	0.998617693
-117.348396	267.024872	0.121922233	0.371941865	0.989839042
-117.397477	266.855235	0.128137384	0.247167279	0.974069446
-90.581631	261.852494	0.123339514	0.462596905	0.941736023
-90.7255344	261.627726	0.129288748	0.207751185	0.998813327
-98.4105814	253.135768	0.127271863	0.50185078	0.900761384
-98.6124504	252.86102	0.132205004	0.341874207	0.984824076
-107.311896	238.786595	0.131842233	0.44499485	0.976697858
-109.172822	239.246084	0.138508117	0.0622811345	1.0
-100.676842	233.924194	0.135830181	0.160536102	0.979768614
-100.806562	233.654137	0.140824897	0.714649389	0.932001819
-96.5338503	225.608555	0.140910929	0.0333039081	0.953815065
-96.6445309	225.360815	0.14547059	0.609166294	0.948568044
-82.609678	222.759517	0.14546153	0.178689602	0.831487277
-82.791836	222.501275	0.146017858	0.149003904	0.969207032
-82.7379469	209.475821	0.145716522	0.84158803	0.869620248
-84.5667508	210.032855	0.153313891	0.404069147	0.97120752
-79.0127527	205.418284	0.149246564	0.55855676	0.893050201
-80.8147525	205.969079	0.154023421	0.822958231	0.855322373
-85.1383651	194.091199	0.15461218	0.830215607	0.897536306
-86.9478509	194.498472	0.1652662	0.378801984	0.906736902
-72.1729472	183.897312	0.167778587	0.616786096	0.87856468
-76.0720817	184.416498	0.174982825	0.196535207	0.977466815
-80.2728275	172.348202	0.173079924	0.191385375	0.821614077
-82.2140632	172.99948	0.181274018	5.42101086e-18	0.877459825
-54.4162339	161.401042	0.1862876	0.395614304	0.839445811
-54.2407204	161.30886	0.18901553	0.332568734	0.939182111
-67.4194346	159.4333	0.190216964	1.0	0.162967831
-69.2992901	159.953899	0.195616913	0.603121666	0.923502588
-70.3847903	144.127669	0.207825152	0.020593466	0.781757887
-67.1385616	143.841307	0.216697426	0.00564490427	0.687368057
-48.9735531	138.186614	0.21867199	0.904358143	0.786547695
-45.3385987	137.768138	0.214942101	0.208450922	0.956675714
-54.3219753	115.973092	0.25	1.0	0.00658289229
-52.2142802	115.94804	0.25	0.900360409	0.619841953
-50.6672191	130.84598	0.231865935	0.775090946	0.517636453
-48.6125342	130.579285	0.231297069	1.0	0.157384425
-51.5166376	123.97451	0.249458914	0.727512791	0.637567694
-49.8951832	124.068838	0.239477501	0.900843959	0.692484603
64.5819342	187.823915	0.174995379	0.355604653	0.98956633
63.0561082	188.289711	0.192609137	0.97226527	0.997350109
-59.1999535	117.589995	0.25	0.936059986	0.662664829
-59.457703	117.435219	0.25	0.89796463	0.79568754
