# Loss = 0.008108511601571227

# tsi		tv1m		tv2m		tvp		twm		twp		td		to		tr		xk		uc		uv		ucsi
17.7532387	31.60086943	1251.367693	1.0	26.53854248	873.1487082	0.4928693385	6.413095706	17.39980486	9.077728808	0.15	0.01433409816	0.1935806447

# t0		TI		IA		v0		w0
-217.147683	543.157424	0.0691063511	0.762337627	1.0
-219.291307	543.142644	0.0731616429	0.996870404	1.0
-101.196779	486.387303	0.0764870191	0.363881083	0.280422689
-103.11227	486.482516	0.0805025229	0.0787504994	0.795910894
-153.186042	438.569225	0.0799560107	0.0827772386	0.999826624
-154.929411	438.771961	0.0842604453	0.91040378	0.998796875
-150.46753	357.416087	0.0924871868	0.0017878815	1.0
-152.279325	357.611277	0.0988208159	0.0362333914	1.0
-132.553202	337.720312	0.095325823	0.571940087	0.989371315
-134.477232	337.882465	0.101821962	0.428865727	1.0
-127.940489	320.128167	0.0952894188	0.835688257	1.0
-129.893824	320.348356	0.106608615	0.0490385398	0.999298635
-119.70312	314.37221	0.0992861964	0.718268847	0.961436374
-121.680593	314.479271	0.106723287	0.03053213	0.997559324
207.341138	289.656693	0.103194253	0.279583461	0.0027685313
-82.5163854	289.683861	0.11019855	0.307970236	0.963009826
-101.426337	278.565665	0.110832746	0.624914777	0.942866884
-103.276286	278.89636	0.115435708	0.298033801	0.996090908
-104.638125	277.260679	0.106467994	0.568436415	0.957632175
-106.571596	277.545765	0.113657431	0.508117837	0.998631242
-117.260244	266.993322	0.112094748	0.520424033	0.983716379
-117.347672	266.850207	0.116883961	0.411233395	0.992494563
-90.5369039	261.795335	0.11693913	0.600087677	0.903550653
-90.7488587	261.57924	0.118101872	0.993763951	0.969239333
-98.4592676	253.064716	0.117258869	0.00453650358	0.98913907
-98.6685478	252.827915	0.122156953	0.215672483	0.998089363
-107.308493	238.799064	0.120993288	0.562365156	0.977281029
-109.100376	239.268054	0.126349391	0.34707862	0.99552791
-100.630932	233.927827	0.122975652	0.443229683	0.978896463
-100.785139	233.686696	0.128871883	0.261102744	0.984006173
-96.5526702	225.607203	0.127868658	4.33680869e-19	0.98046655
-96.698988	225.388903	0.133031744	0.0100704893	1.0
-82.6767685	222.733515	0.128909913	0.00392672759	0.998226936
-82.679456	222.545194	0.135333031	0.571206331	0.927724711
-82.7013811	209.509955	0.133498433	0.718074656	0.938097483
-84.3131083	210.195259	0.139568927	0.733088958	0.95847395
-79.008927	205.473392	0.136801178	0.615803986	0.928598516
-80.7326008	206.062749	0.141817105	0.279023147	0.954725047
-85.0442924	194.240211	0.143024877	0.0170258525	0.974727307
-87.0272572	194.628738	0.152883251	0.0021164028	0.958299126
-71.9915613	184.063666	0.148480739	0.692742644	0.949248358
-75.7539005	184.577881	0.15842289	0.00635044924	1.0
-80.1758345	172.474964	0.15706201	2.1271750799999998e-17	0.941729526
-82.3289137	173.099321	0.158787471	0.457195167	0.934702377
-54.4244658	161.495053	0.167185155	0.159323314	0.960627202
-54.1821058	161.474259	0.170652366	0.6573874	0.946675547
-67.5601355	159.466834	0.175803226	0.345231344	0.938873365
-69.1361268	160.031713	0.172245833	0.658303199	0.972991003
-70.4461007	144.377502	0.193385489	0.569970168	0.8497501
-68.5648865	144.20975	0.199801823	0.647176544	0.671915381
-49.0797211	138.280495	0.207612643	0.739369517	0.810185395
-45.3050411	138.111099	0.18571875	0.923851251	0.885537985
-55.1592828	115.978885	0.229892132	0.769563948	0.895516652
-52.0970762	115.71139	0.249426977	0.0974108687	0.88570185
-50.7189325	130.826767	0.208807651	0.472806745	0.836226331
-48.9393533	130.510957	0.21444809	0.504464139	0.841827958
-51.6644931	123.938387	0.221155744	0.992656693	0.819977283
-49.8206886	124.005536	0.215898533	0.281605795	0.900278717
64.5385052	187.928764	0.163104889	0.21388182	0.74255378
62.948358	188.540901	0.170305157	0.161243099	0.999649697
-59.4658213	117.383226	0.243916695	0.943620124	0.736240637
-59.5678968	117.449851	0.220379303	0.853684128	0.782160214
