# Loss = 0.008526311256682741

# tsi		tv1m		tv2m		tvp		twm		twp		td		to		tr		xk		uc		uv		ucsi
30.20867942	19.77650006	1250.649171	9.26287197	55.04281123	867.7872438	0.5	45.36978913	28.28861722	10.31895431	0.1207091552	0.01	0.2737747855

# t0		TI		IA		v0		w0
-217.293509	543.116556	0.0474067432	0.401391033	0.999090516
-218.775731	543.489812	0.0633079483	0.18124229	1.0
-101.04487	486.469261	0.0486826655	0.410047319	0.953967016
-102.952119	486.65842	0.0809265042	0.0312770426	0.955491579
-153.095795	438.773709	0.0507942709	0.682282451	1.0
-154.375975	439.221144	0.0704952695	0.500948114	1.0
-150.311229	357.64696	0.0702873423	0.253228574	1.0
-152.168658	357.942884	0.0857241938	0.179508587	0.995365808
-131.95547	338.064087	0.0768838602	0.908999052	0.950990817
-134.396752	338.172603	0.0908172527	0.121188139	0.999551333
-126.513926	320.744113	0.0797057969	0.947028848	0.934228833
-129.213761	320.864679	0.097300739	0.949211614	1.0
-119.9149	313.945355	0.0840212546	0.285431711	0.97153636
-121.583306	314.288012	0.096726981	0.952800419	0.999770861
207.478457	289.997898	0.0973426988	0.0362488963	0.0610616465
-82.4731347	290.039353	0.1036492	1.73472348e-18	0.956148643
-101.224674	278.744024	0.0934370014	0.153235512	0.927660588
-102.784384	279.342293	0.110380817	0.549548162	0.964797856
-104.588458	277.40247	0.091852074	0.108201913	0.909598636
-106.121152	277.98806	0.108363646	0.953724128	0.95113693
-117.169797	267.329482	0.102066475	0.0964554503	0.965335717
-117.287246	267.108516	0.108082072	0.118512127	0.959504544
-90.3267175	262.285945	0.0989405291	0.193118101	0.87583953
-90.5600644	261.992984	0.115480699	0.389882219	0.963821108
-98.2583876	253.33152	0.107450904	0.198127118	0.901202992
-98.5908943	253.006755	0.119548363	0.000987867607	0.967251212
-107.180531	239.083371	0.112646725	0.861491663	0.915518298
-108.914947	239.784702	0.118825497	0.988824559	0.955913654
-100.275755	234.358859	0.114767686	0.254257566	0.934274543
-100.527661	234.020967	0.125841769	0.911347391	0.962261144
-96.3103707	226.041031	0.120611631	0.126032627	0.928497193
-96.3847193	225.780506	0.131034522	0.946821173	0.941899516
-81.4336669	223.675674	0.123191212	0.987790001	0.835157259
-82.6136443	223.115808	0.137112226	0.0351832098	0.931584769
-81.7604787	209.957141	0.124842636	0.929576012	0.826237307
-83.668473	210.714389	0.140296838	0.511151588	0.935775529
-78.7344239	205.749749	0.133014585	0.812614384	0.79705498
-80.2709801	206.457304	0.14298599	0.932725015	0.872928421
-85.0283675	194.428853	0.13814261	0.213931843	0.913056862
-86.7267994	194.86284	0.153411398	0.794379393	0.777458088
-72.2200438	184.270928	0.156063025	0.992500282	0.883157539
-75.7536429	184.8454	0.15846923	0.950469695	0.914720336
-80.3804455	172.797013	0.160639587	0.573174953	0.892983308
-81.9647726	173.485306	0.165424906	0.000262227094	0.907409281
-53.8391408	161.593852	0.173451015	0.738880995	0.618750743
-54.19802	161.618139	0.178213579	0.0963972658	0.788608091
-67.2749898	159.635168	0.181055827	0.657024505	0.903164436
-68.3515894	160.091372	0.181408655	0.93125895	0.864026753
-70.8886802	144.768753	0.200631603	0.988056803	0.764553357
-68.4261944	144.325951	0.19200083	0.993148182	0.863667626
-49.00182	138.472524	0.196134436	5.3913699499999995e-18	1.0
-45.3682441	137.828922	0.205704398	0.981644076	0.804662202
-54.1196767	116.401988	0.210976428	0.0	0.818496852
-53.2333287	116.52031	0.249885363	0.591063816	0.737758311
-50.2642906	131.215699	0.216839321	1.0	0.808281394
-48.5556782	131.146392	0.219105163	0.907945939	0.822761522
-51.2703089	124.363881	0.222663531	0.0588693899	0.706034278
-49.2659935	124.408837	0.21926604	0.270605763	0.711207309
64.7953572	188.418384	0.16594338	0.0994676454	0.993553203
63.61202	189.17725	0.177650961	0.972706065	0.598898726
-59.3156224	118.036808	0.25	0.835415802	0.514658122
-59.5211217	117.704092	0.227463686	0.675736235	0.723931655
