# Loss = 0.011824887473693322

# tsi		tv1m		tv2m		tvp		twm		twp		td		to		tr		xk		uc		uv		ucsi
17.37173359	49.57245682	1251.997883	15.0	35.16827292	880.6803362	0.2423602057	9.974001528	17.4798533	10.84763247	0.1	0.0123993045	0.1314149962

# t0		TI		IA		v0		w0
-216.561586	543.469182	0.0534966036	0.701935256	0.94896262
-218.772028	543.491972	0.0668881407	0.0	1.0
-100.940776	486.554013	0.0639317918	2.3665325e-15	0.739879564
-102.478544	486.889699	0.0703531953	0.919864861	0.344949449
-152.483662	438.962653	0.0577651432	0.544506798	0.938517814
-154.537489	439.162477	0.0730718685	0.00349804666	1.0
-150.220189	357.61811	0.0616684967	0.0681092172	0.963866906
-152.11516	357.927922	0.0791273799	0.025998326	0.989748297
-132.348044	337.836282	0.0669016892	0.0849594065	0.933320094
-134.213394	338.213772	0.0804145045	0.900426371	0.955979154
-127.680805	320.207818	0.0677597623	0.0534331783	0.95465392
-129.578224	320.675603	0.0824675529	0.0603997048	0.979681721
-119.693857	314.037507	0.0695226792	0.502947252	0.856431844
-121.477349	314.395929	0.0811274611	0.12005789	0.971016075
207.358776	289.773442	0.073162389	0.208616342	0.316314501
-82.2283298	289.953543	0.0853442625	0.711622918	0.624977058
-101.281495	278.599597	0.079833008	0.109026878	0.901428773
-103.016157	279.1988	0.091310531	0.0647881433	0.946564347
-104.627417	277.212463	0.0769416375	0.180757197	0.859564599
-106.257788	277.839934	0.086577047	0.134695547	0.932934411
-117.079322	267.1362	0.0794128199	0.568750066	0.887756897
-117.300251	266.984511	0.0937914247	0.143526758	0.952403488
-90.3508999	261.988789	0.0804385186	0.297535788	0.818709665
-90.6897052	261.791492	0.0952205903	0.090455029	0.937571402
-98.183922	253.145556	0.0835029423	0.863368576	0.767306794
-98.3708292	252.968895	0.093966921	0.573772243	0.870740797
-107.321809	238.789899	0.0868813326	0.641202625	0.871542102
-108.996633	239.482093	0.101581423	0.952064316	0.903310169
-100.60436	234.010448	0.0913555111	0.952839273	0.81950529
-100.564777	233.847219	0.104368654	0.607498801	0.873109641
-96.3695413	225.74744	0.0994647175	0.566314336	0.837343963
-96.33416	225.614146	0.110548282	0.899962124	0.898696727
-82.3214384	223.056776	0.101912934	0.594032013	0.726473456
-82.5765266	222.808368	0.114231156	0.189726589	0.870134401
-82.5738801	209.513968	0.100791672	1.0	7.42244807e-16
-84.0972451	210.305674	0.123472766	0.832902287	0.781500545
-78.9871122	205.451953	0.113520548	0.859148721	0.650117656
-80.310582	206.203011	0.123542973	0.738470672	0.709411536
-84.9942081	194.140114	0.109227381	0.686352132	0.77671642
-86.821984	194.752345	0.13267395	0.929800777	0.76970457
-72.143072	184.22234	0.191842297	1.93359859e-16	1.0
-75.6381469	184.577511	0.140853698	0.54917248	0.861624949
-80.2569768	172.48471	0.137038324	0.261017004	0.884978121
-82.0321803	173.09966	0.181621732	0.443808425	0.999763834
-54.2783578	161.387393	0.150026526	0.525367404	0.564234953
-54.2517972	161.478294	0.17043191	0.984472729	0.653188946
-67.5672688	159.450947	0.163990327	0.830417511	0.711493957
-69.0737236	159.835647	0.170265304	0.873397834	0.765838004
-69.6698368	144.658245	0.20801025	0.0	0.808942265
-68.0542621	144.233502	0.192505496	0.952650786	0.493335483
-48.872416	138.292448	0.199448484	0.712542704	0.213551123
-45.6639068	138.023577	0.191478027	0.10240937	0.721796126
-53.6230621	116.277541	0.25	0.0	0.466520403
-51.6937621	116.435808	0.25	0.0563709287	0.400193507
-50.8010822	130.572442	0.199716121	0.622553565	0.932359162
-48.9177379	130.60091	0.204888383	0.366371721	0.499628606
-51.3512688	124.044833	0.219209022	0.583370279	0.0865483421
-49.6011366	124.243023	0.232364628	0.0218660772	0.83445297
64.7366409	188.357697	0.159459602	0.251631775	0.12825136
63.4000364	189.126573	0.169366983	0.105858012	0.0343181092
-59.2818971	118.053338	0.25	0.98981093	0.682269199
-60.8190836	117.690637	0.25	6.956525909999999e-18	0.766544601
