# Loss = 0.010960712846199353

# tsi		tv1m		tv2m		tvp		twm		twp		td		to		tr		xk		uc		uv		ucsi
29.82665551	11.15076827	1249.753374	7.992188712	54.54276377	862.6724737	0.5	5.1500281	27.90196878	10.60955878	0.15	0.0156156047	0.1335995247

# t0		TI		IA		v0		w0
-217.263932	543.253158	0.0328387541	0.580994509	1.0
-218.994839	543.558785	0.0628599125	0.00253721894	1.0
-101.021659	486.616653	0.0359960433	0.183622821	0.976710335
-102.580229	487.027752	0.0446653272	0.867546215	0.985302897
-152.932887	438.943949	0.043114988	0.970244136	1.0
-154.550346	439.420523	0.058298143	0.278503533	1.0
-150.49419	357.487579	0.0454493202	0.749810221	0.98832944
-152.000914	358.250382	0.0597953026	0.916701358	1.0
-132.686627	337.807603	0.0515462077	0.622574496	0.942314959
-134.490071	338.040489	0.124079194	0.999278744	1.0
-127.99727	320.321059	0.0628089286	0.993463285	0.940991986
-129.573472	321.061793	0.0878723265	0.636214868	0.991986099
-119.786014	314.393995	0.067453453	0.44127446	0.924680726
-121.476124	314.915952	0.0622062546	0.623510019	0.979407581
207.296188	289.496293	0.0820324017	0.239062956	0.90230989
-82.7682788	289.343925	0.108350941	0.899186483	0.94810439
-101.43352	278.57605	0.081774408	0.810861849	0.919137581
-103.249244	278.919973	0.086669726	0.73517578	0.940010472
-104.835636	276.958912	0.0986971714	0.431313851	0.906472404
-106.253791	278.120743	0.106561773	0.585641784	0.988441326
-117.528132	266.540707	0.104242547	0.960178532	0.932280796
-117.351847	267.106552	0.0988227917	0.457415189	0.9833683
-90.7212029	261.633062	0.0853788871	0.260534984	0.745361993
-90.8624212	261.415301	0.100450766	0.955083729	0.951233875
-98.7727418	252.507764	0.104732387	0.995987863	0.876123518
-98.5375402	253.15468	0.099341293	0.503136138	0.914883208
-107.467632	238.602957	0.0893644525	0.968685002	0.904972276
-109.232499	239.097524	0.109617803	0.936598413	0.955131334
-100.862128	233.573603	0.101258998	0.850063643	0.889914061
-100.824365	233.815293	0.105689153	0.454868795	0.941098163
-96.5281523	225.53808	0.0942082291	1.0	0.90172092
-96.6568942	225.46862	0.120416388	0.389403196	0.934467155
-82.8013779	222.48379	0.0973665715	0.541771366	0.883952889
-82.8424043	222.422369	0.124449305	0.140476962	0.966993167
-82.9055289	209.190215	0.113506974	0.636287906	0.872252797
-84.6015783	210.17809	0.126942656	0.309697128	0.903775744
-79.0627279	205.279858	0.11852658	0.468232582	0.860932952
-80.778723	206.013577	0.123771448	0.933752417	0.8606581
-85.2704502	193.913208	0.134269912	0.750750431	0.91365349
-86.9675788	194.661105	0.140386891	0.374521078	0.912612035
-71.9778029	183.935475	0.135710885	0.220020918	0.929297836
-75.9061684	184.570136	0.14842702	0.56790464	0.990163621
-80.2011207	172.366327	0.150914162	0.0397211784	0.897006083
-82.0635142	173.218313	0.170880038	0.75241999	0.943262107
-54.3417166	161.626819	0.169878942	0.104910922	0.842405797
-54.3616555	161.698806	0.17317606	0.692372411	0.901556798
-67.5678645	159.483687	0.186242141	0.988655129	0.849878929
-69.1902636	160.426116	0.180653196	0.63748255	0.89563066
-70.173911	144.444836	0.198533522	0.993479327	0.830626117
-68.5219086	143.892569	0.213526936	0.956101694	0.803637079
-48.9030005	138.398066	0.218815722	0.348468424	0.80811875
-45.4099809	137.4146	0.202165497	0.597623628	0.79751169
-53.8988297	116.223332	0.25	0.146661245	0.76806636
-51.7300927	116.04655	0.226539559	0.12716732	0.691293685
-49.994341	132.113962	0.212752217	0.964418493	0.92099127
-48.541198	131.823552	0.204882352	0.874714496	0.848662954
-51.5823983	124.662464	0.242502151	0.448235558	0.765217648
-49.5608966	124.775177	0.226347821	0.219350549	4.6041081199999994e-17
64.6583565	187.89933	0.17378449	0.196927541	0.990212899
63.1473713	188.562073	0.185383328	0.0012237921	0.984128628
-58.9646476	117.957064	0.25	0.976816698	0.533254269
-59.1098351	117.576622	0.231435461	1.0	0.217572852
