# Loss = 0.010976946197277508

# tsi		tv1m		tv2m		tvp		twm		twp		td		to		tr		xk		uc		uv		ucsi
40.7648235	43.30837584	1252.535509	7.495666633	25.32811106	878.9446855	0.1986044336	62.47263548	35.01564396	9.030349906	0.1	0.01	0.1981455384

# t0		TI		IA		v0		w0
-216.96181	543.183079	0.0628716096	0.0403536623	1.0
-218.53014	543.503171	0.0683404807	0.190839106	1.0
-101.229889	486.285046	0.0672627572	0.0514489466	0.877771474
-102.951402	486.538592	0.0724090935	0.00218667449	0.00399351021
-152.917351	438.743762	0.0669915855	0.453726904	0.999790418
-154.607979	439.071873	0.0819926479	0.0	1.0
-149.889534	357.634383	0.0794953732	0.964892884	0.995862527
-151.972596	357.840877	0.0914041978	0.998062106	1.0
-131.793986	337.927674	0.084701766	0.899271534	0.997849557
-133.846559	338.202857	0.0944871777	0.987507634	1.0
-127.674565	320.165666	0.0829142514	0.0648710493	1.0
-129.767938	320.601556	0.0994978161	0.0357350555	1.0
-119.960843	313.591331	0.0868330024	0.0415122264	0.97392731
-121.458012	313.982959	0.0980342487	0.984890262	1.0
207.386564	290.032046	0.0914090308	0.00936777761	0.00557663549
-82.3630595	289.999348	0.0981943091	0.484323911	0.912241447
-101.299005	278.550932	0.0986499105	0.023039347	0.995520228
-102.932548	279.23942	0.108832519	0.0495778672	0.996524484
-104.38945	277.297871	0.0961328389	0.942739633	1.0
-105.625143	278.051465	0.106632526	0.931854087	1.0
-117.215927	267.084825	0.1013513	0.0825415415	0.977849066
-117.377208	266.859889	0.10947716	1.0	0.988820143
-90.125479	262.183321	0.0986585545	0.939099046	0.863568743
-90.7015456	261.755898	0.110877115	0.0930080222	0.990745511
-98.3059422	253.078084	0.104746254	0.983648716	0.821752601
-98.2176097	252.812361	0.114100187	0.889099062	0.969570089
-107.202664	238.958424	0.108927364	0.8844365	0.907681394
-108.858768	239.738552	0.119235611	0.946294749	0.975334919
-100.744857	234.501608	0.107911438	0.998292061	0.898221406
-100.893757	233.949332	0.117885004	0.0284103485	0.996089961
-96.0864952	226.254484	0.11610258	0.891287683	0.846211387
-96.7420784	225.703291	0.126329254	0.0457615697	0.986651417
-82.0408641	223.666007	0.115862468	0.984718377	0.717713405
-82.3791389	223.186729	0.123214774	0.0674104743	0.908698372
-82.4200396	209.737049	0.119286701	0.764998987	0.827337376
-83.9998093	210.660523	0.126311214	0.72242857	0.931295192
-79.0580098	205.514101	0.122616387	0.0490927205	0.877322149
-80.2535692	206.481038	0.132844267	0.979039884	0.748238754
-85.0856185	194.461365	0.122238053	0.0861859093	0.934326893
-86.5955409	194.92534	0.140834812	0.958826219	0.79253435
-72.1098485	184.289653	0.136979958	0.66630882	0.920789392
-75.6140788	184.867688	0.151242327	0.98002529	0.930091477
-80.3513977	172.772192	0.142116642	0.988829414	0.883734132
-81.938666	173.436606	0.147177594	0.808109756	0.966538451
-53.9951832	161.490022	0.152503339	0.0947517936	0.782104083
-54.0897738	161.333163	0.161988952	0.673583869	0.905638308
-67.6246911	159.614303	0.160678237	0.00850801566	0.99287787
-68.7454113	159.989546	0.16579796	0.0651978193	0.965619053
-70.0857469	144.568132	0.181037396	1.0	0.787151143
-68.1959439	144.369987	0.178558573	0.839020094	0.794977196
-48.7805268	138.304176	0.181667354	0.622889626	0.417110629
-45.5202618	138.244933	0.182354487	0.290319604	0.982221467
-55.021096	116.30834	0.225512799	0.846361036	0.659348583
-54.5240745	116.674292	0.219379705	1.0	0.2574684
-50.3052957	130.530212	0.221204355	0.0438113358	0.663616083
-48.3122815	130.246238	0.205616746	0.0412154174	0.75320983
-51.5740821	124.031338	0.20464165	0.106823846	0.693304758
-49.7468583	123.960789	0.202672424	0.960688816	0.54563623
64.7130451	188.469693	0.150473667	0.997058226	0.570950055
63.5308197	189.618858	0.168701262	3.14226223e-19	0.487159963
-59.3632434	117.872652	0.233376668	0.0	0.632345094
-59.7744474	117.660859	0.218585811	0.124546538	0.910546282
