# Loss = 0.011367639467288188

# tsi		tv1m		tv2m		tvp		twm		twp		td		to		tr		xk		uc		uv		ucsi
26.21634696	23.16463713	1250.40266	11.94643736	23.87792482	870.1072303	0.3858855044	37.45656667	24.89818838	10.1490856	0.1	0.02584465479	0.118001618

# t0		TI		IA		v0		w0
-217.406594	542.969047	0.0675791952	8.7629798e-5	0.89706301
-219.252106	543.085259	0.0689366894	0.100540142	1.0
-101.297868	486.261519	0.0705746072	0.385559141	0.0902186322
-103.257375	486.325973	0.0763975169	0.356321884	0.4408751
-152.96318	438.533722	0.0728310342	0.186444555	0.948259724
-154.901141	438.629823	0.0804976353	0.00593352884	0.999444037
-150.575233	357.189293	0.084441126	5.52230815e-18	0.979739718
-152.501356	357.3063	0.0924960816	0.0547283383	0.976051076
-132.72202	337.470791	0.0872643692	0.441246958	0.962748746
-134.628807	337.620027	0.0975146576	0.000743016947	1.0
-128.072449	319.884639	0.0906475152	0.0512837276	0.933008527
-130.055789	320.055973	0.100595583	0.423760025	1.0
-119.782282	314.211776	0.0920742464	0.481492152	0.927879298
-121.813473	314.259494	0.0995476907	5.36127379e-18	0.983547567
207.247603	289.586117	0.0968208205	0.0298377763	0.343580583
-82.5885709	289.477411	0.106187396	0.336714413	0.942123649
-101.430487	278.407009	0.10475513	0.0542812447	0.845212493
-103.343998	278.690786	0.110913247	0.0203119159	0.949360462
-104.733968	277.059833	0.101343881	0.574781417	0.84734645
-106.58125	277.351863	0.109384099	0.00385824123	0.94482075
-117.308523	266.755753	0.103309809	0.687461698	0.94073992
-117.601288	266.510686	0.111745608	0.605251478	0.983739887
-90.6006652	261.550247	0.104083068	0.853342908	0.830507813
-90.8204387	261.323192	0.114691534	0.252816866	0.956765349
-98.6109547	252.798798	0.109279486	3.25260652e-19	0.907681316
-98.6167045	252.668949	0.116127497	0.573490781	0.944332972
-107.350843	238.607433	0.114202684	0.525266826	0.908176005
-109.255874	239.045067	0.121290545	0.262849382	0.948303001
-100.815695	233.687801	0.11861793	0.0839459706	0.909313279
-100.903299	233.477757	0.122916368	0.78819415	0.916184657
-96.6269023	225.417057	0.119111978	0.0432848029	0.921761283
-96.7230453	225.237336	0.128921387	0.74511433	0.927273808
-82.7140154	222.574775	0.126367717	0.0302249917	0.887049478
-82.8374801	222.377631	0.127280909	0.208566265	0.926385083
-82.8106327	209.338225	0.127195681	0.497840397	0.835489701
-84.5989164	209.928646	0.135218224	0.29008126	0.932321254
-78.8363186	205.725334	0.130189023	0.891320831	0.810281421
-80.8151142	205.906368	0.134927871	0.524437486	0.785044672
-85.237099	194.083783	0.132744535	0.689006707	0.844018607
-86.7496441	194.726866	0.145077085	0.763899805	0.809324874
-72.3017406	183.829773	0.14612259	0.253227171	0.805909241
-75.6526549	184.66229	0.153861548	0.986275533	0.941524026
-80.3344932	172.371272	0.148298124	8.31188869e-18	0.925488095
-81.9857974	172.972918	0.158165016	0.975334086	0.916548365
-54.2380042	161.584616	0.163073432	1.0	0.593878678
-54.3715361	161.652576	0.174924988	0.132603541	0.899669199
-67.3943148	159.526195	0.173122329	0.77700743	0.757688395
-69.1288216	160.36605	0.172304196	0.618342853	0.845724635
-70.1080646	144.439088	0.195905811	0.994238352	0.787514947
-68.2462143	144.165775	0.197954464	0.973680818	0.767881052
-48.8998478	138.419585	0.197340006	0.981037917	0.355189329
-45.2830379	137.896569	0.195524665	0.359556469	0.594944865
-54.1568064	116.019518	0.243297162	0.156027812	0.810351451
-52.0562621	116.080785	0.240861026	1.27953565e-17	0.905054384
-50.1403397	133.576325	0.185592369	0.688834816	0.29198628
-48.315226	133.036314	0.183443757	0.798997931	0.294853364
-51.3889342	124.727768	0.24715562	0.946470081	0.357999492
-49.6786219	124.644025	0.21755914	0.0380492028	0.910611422
64.4413353	187.964002	0.164465606	0.798022941	0.635914604
62.8228842	188.590169	0.164241407	0.745930844	1.0
-58.9955304	117.639641	0.249740593	0.850385687	0.311189182
-59.3129779	117.598826	0.232811649	1.0	0.524667845
