# Loss = 0.015890653052732972

# tsi		tv1m		tv2m		tvp		twm		twp		td		to		tr		xk		uc		uv		ucsi
70.0581733	25.90830193	1965.197327	4.244613366	789.8876083	837.7664715	0.05175874409	344.0357655	109.1680092	9.329249422	0.1295022414	0.04996296471	0.6783190439

# t0		TI		IA		v0		w0
-217.500548	543.00144	0.0321104815	0.165376938	0.00156880214
-219.50077	543.002156	0.0208815716	0.33755643	0.0054454779
-101.204682	486.408127	0.0267032206	0.00552461914	0.0891010318
-103.204391	486.408364	0.0277524252	0.67316725	0.24036391
-153.224392	438.450177	0.0279149983	0.0137006773	0.053207496
-155.22377	438.450402	0.0231418353	0.627099142	0.0719836207
-150.635987	357.272376	0.0246809164	0.947928264	0.067537114
-152.635479	357.272355	0.0423115332	0.46137683	0.103096888
-132.799524	337.599274	0.0309424744	0.925210636	0.133682004
-134.799042	337.599723	0.0421466943	0.136421932	0.144885975
-128.051967	320.103818	0.0357404496	0.56138812	0.283853263
-130.051728	320.104206	0.0483434002	0.522485316	0.238626491
-119.523675	315.046549	0.0401243565	0.243715137	0.155095522
-121.522691	315.047481	0.0572199598	0.400122489	0.0513809107
207.288475	289.424237	0.0436993962	0.893122314	0.00871969463
-82.7117112	289.424267	0.0557150951	0.533326844	0.21441335
-101.347696	278.697848	0.0584791043	0.470098814	0.0343840033
-103.348206	278.698281	0.0781394571	0.255085657	0.058767376
-104.66548	277.33281	0.0518303006	0.805805943	0.0837381923
-106.666134	277.332698	0.0673455661	0.803660121	0.252698914
-117.423631	266.847869	0.0614569508	0.451484844	0.166946095
-117.423565	266.847999	0.0709801245	0.369574849	0.26193277
-90.7430112	261.487921	0.0697981319	0.216933245	0.0902503146
-90.7436906	261.487572	0.0718216822	0.322918599	0.374401643
-98.5384976	253.077776	0.0697195465	0.588210886	0.295474588
-98.5382152	253.07762	0.0781126736	0.615181438	0.219749752
-107.404852	238.809826	0.0803248533	0.734101515	0.348055405
-109.404527	238.811188	0.0985846402	0.585503829	0.00257710951
-100.820851	233.644208	0.0827714857	0.90703009	0.226643472
-100.820971	233.643811	0.0877615667	0.874561369	0.0149194592
-96.6541531	225.310168	0.0926970781	0.999986682	0.159975321
-96.6540953	225.309946	0.101291298	0.794217285	0.170907316
-82.9467244	221.898861	0.0982197177	0.487307061	0.0398340784
-82.9478273	221.898302	0.106675517	0.465092306	0.116198303
-82.7608876	209.52272	0.103513064	0.676555305	0.136377528
-84.7606241	209.523311	0.116319282	0.915988466	0.132772968
-78.8671624	205.734116	0.104143622	0.606371054	0.27573833
-80.8664458	205.734966	0.113104212	0.502872694	0.228560684
-85.1183399	194.236596	0.112610125	0.527762878	0.319090336
-87.1178771	194.237373	0.125465194	0.75393837	0.302468068
-72.0193099	184.040487	0.137744507	0.915907533	0.024072246
-76.0189065	184.041245	0.133374072	0.197701208	0.198191307
-80.2579137	172.511086	0.147804942	0.171637035	0.0193496502
-82.2555037	172.512581	0.140237288	0.805524404	0.364991888
-54.5432908	161.090116	0.152519957	0.74166425	0.258610519
-54.5438663	161.089432	0.15013583	0.0262785949	0.301395837
-67.6334598	159.270625	0.160683374	0.758549712	0.0485681533
-69.6329914	159.272081	0.16098769	0.612181207	0.162887568
-70.1251607	144.251148	0.161499695	0.939135668	0.3517886
-68.1251072	144.250332	0.182848921	0.72975224	0.0986039315
-49.10958	138.220725	0.180134778	0.733820318	0.259127473
-45.1102956	138.217551	0.172584582	0.28310517	0.309266531
-53.9442459	115.883387	0.225718407	0.942055131	0.0113766896
-51.9376543	115.886282	0.214430222	0.00359171379	0.031619134
-50.9079992	129.824134	0.193743119	0.349540153	0.200514066
-48.9080023	129.82482	0.191514821	0.781103884	0.205447412
-51.8725399	123.750517	0.20813799	0.348268681	0.153118128
-49.8726744	123.749972	0.182188911	0.0611360827	0.310182052
64.3424963	187.316222	0.140389705	0.450803734	0.348282181
62.342705	187.316832	0.149616005	0.587222925	0.380470803
-58.7642283	117.529452	0.206132296	0.407389305	0.176890164
-58.7637219	117.528627	0.220797681	0.490634407	0.0303930038
