# Loss = 0.01770213736445136

# tsi		tv1m		tv2m		tvp		twm		twp		td		to		tr		xk		uc		uv		ucsi
26.64878664	92.76969576	1474.273769	5.168159648	513.439646	965.2222762	0.1156124997	432.8040233	29.18236241	9.953623032	0.15	0.01	0.411623117

# t0		TI		IA		v0		w0
-217.460841	543.0332	0.0366854866	0.475488639	0.860542885
-219.482567	543.028068	0.0446926173	0.20347298	0.85930606
-101.166639	486.43816	0.0390015557	0.834319248	0.803369009
-103.122747	486.475931	0.0509975288	0.994026689	0.868588369
-153.157493	438.544602	0.0591848233	0.0579962218	0.864713231
-155.143849	438.561625	0.0598676567	0.653298816	0.879292355
-150.551627	357.409174	0.0719450311	0.544336099	0.851953011
-152.53801	357.439388	0.0832180268	0.961954616	0.881790657
-132.74628	337.707348	0.0748001065	0.0138438627	0.868148825
-134.682174	337.767377	0.0916292046	0.690657554	0.868389614
-127.947697	320.300587	0.0818787906	0.676975746	0.831853181
-129.953018	320.31898	0.0965480743	0.606557156	0.865841214
-119.509103	315.080887	0.084450592	0.00476090738	0.839036388
-121.466953	315.130671	0.098263451	0.665739077	0.862454007
207.361597	289.534971	0.0945820873	0.49624836	0.680132239
-82.6310185	289.615361	0.104496807	0.62169762	0.844415959
-101.27728	278.882565	0.105615459	0.872661357	0.825948697
-103.219695	278.984053	0.119929657	0.504399767	0.853049709
-104.584	277.527476	0.104010534	0.879722603	0.831684149
-106.557381	277.596577	0.118270346	0.643832423	0.843434025
-117.321004	267.093905	0.111288223	0.463864013	0.834281597
-117.3445	267.07913	0.128701361	0.00574577702	0.796654031
-90.6163191	261.779348	0.112225856	0.525253342	0.823668781
-90.6406909	261.74708	0.1257307	0.558183596	0.839632919
-98.424922	253.329638	0.118467472	0.437815644	0.8257775
-98.4643991	253.28128	0.116868513	0.00255162783	0.842278497
-107.294809	239.085805	0.127308133	0.54996481	0.822257366
-109.281245	239.164817	0.128356543	2.7847845099999998e-18	0.851095615
-100.680916	233.986506	0.128951342	0.41483952	0.820487023
-100.702759	233.94249	0.140985735	0.529764779	0.832453518
-96.5209136	225.674082	0.135971988	0.773286359	0.81698351
-96.5689667	225.603911	0.130896671	7.16908598e-19	0.851856262
-82.7929691	222.352012	0.141067654	0.760462102	0.815017538
-82.8071107	222.322807	0.146585266	0.998775651	0.82724282
-82.6743441	209.8339	0.135266813	3.2423523799999997e-18	0.830589439
-84.6137224	209.970568	0.159959732	0.790582089	0.830476145
-78.7788955	206.032266	0.154937809	0.451737927	0.800280712
-80.7272282	206.139539	0.168483885	0.466268736	0.798284888
-84.9966993	194.603273	0.159628539	0.551069745	0.801212765
-86.963972	194.74067	0.178209026	0.475747985	0.800517854
-71.9150365	184.389611	0.17684327	0.689742663	0.797654556
-75.8864865	184.519799	0.176483931	0.558679612	0.821896411
-80.1466809	172.939106	0.188375262	0.822758472	0.796045098
-82.114103	173.081563	0.190655793	0.785677335	0.80960852
-54.3818219	161.746179	0.170387969	0.0	0.81663559
-54.4115208	161.673418	0.202918291	0.891291129	0.756431479
-67.4927429	159.82466	0.20779454	0.712248314	0.761195615
-69.4382887	160.036346	0.194914863	0.355078251	0.817552
-70.0109242	144.820013	0.230512154	0.660629	0.736024594
-68.0755783	144.649348	0.233524906	0.484518726	0.748418567
-48.9765337	138.849416	0.236126059	0.627758675	0.735287922
-45.1031645	138.348238	0.236004148	0.697735206	0.728712112
-53.8185337	116.70948	0.25	0.829057205	0.726001792
-51.8073681	116.781616	0.25	5.77406386e-19	0.724207567
-50.617557	131.336688	0.241441475	0.752236988	0.720636698
-48.6534506	131.235483	0.223852659	2.21245867e-19	0.764634907
-51.6830629	124.680561	0.25	0.463447194	0.698593064
-49.6794957	124.70039	0.246974978	0.775732255	0.732385737
64.4705432	187.704506	0.180077458	0.320460422	0.837345492
62.5067175	187.785891	0.115891867	0.645704915	0.863448105
-58.6552264	118.339932	0.25	0.177111778	0.712502608
-58.7211193	118.056572	0.25	0.536340985	0.730624573
