# Loss = 0.02158126371917292

# tsi		tv1m		tv2m		tvp		twm		twp		td		to		tr		xk		uc		uv		ucsi
321.6572472	443.8754664	1205.128684	1.600834982	107.0832927	414.3345599	0.4902817499	204.505244	171.3708265	9.035952765	0.1	0.05	0.1

# t0		TI		IA		v0		w0
-217.518655	542.981456	0.0491724037	0.859253297	0.207562564
-219.497831	542.996593	0.0530499048	0.374201737	0.6895851
-101.218215	486.3935	0.0523452162	0.708211069	0.0382959284
-103.200846	486.413329	0.0576230846	0.315888069	0.126179324
-153.210477	438.516533	0.0600188351	0.296002891	0.426429728
-155.182583	438.562485	0.0640304715	0.613342408	0.282690997
-150.592322	357.332717	0.0695860941	0.882148799	5.540763189999999e-17
-152.572541	357.376891	0.0749098709	0.93604433	0.00596896282
-132.798119	337.613915	0.0729720654	0.829026625	1.07119175e-16
-134.74871	337.678942	0.0796139417	0.813049147	0.0218621753
-128.091146	320.082489	0.0749813522	0.91829035	0.032696514
-130.048969	320.175447	0.083067463	0.665974944	0.184765789
-119.74006	314.608116	0.0775856802	0.799112474	0.00122248972
-121.714102	314.645941	0.0830406171	0.82178822	0.0376197365
207.323512	289.54925	0.0815949501	0.0311786269	0.523920383
-82.7237008	289.521135	0.0905645207	0.410675088	0.091836975
-101.434294	278.626546	0.0906122853	0.607403487	0.0485023272
-103.360551	278.781322	0.0968719377	0.534572921	0.0815065809
-104.729381	277.283166	0.0889258234	0.649397965	0.0140590446
-106.662946	277.434547	0.096739095	0.520037416	0.0280259754
-117.405817	266.911337	0.0927662766	0.773004712	4.7688431e-5
-117.500622	266.779669	0.0967851842	0.823123699	0.0108829196
-90.7133443	261.668537	0.0947261056	0.467835113	1.45716772e-16
-90.7927684	261.513325	0.0994765656	0.602746429	0.00206132461
-98.5481211	253.055496	0.0967351396	0.589567	0.0345170331
-98.658481	252.874573	0.10259072	0.616024801	0.00758200794
-107.447741	238.765186	0.104023654	0.672950533	8.561060809999999e-17
-109.339698	239.027643	0.109271457	0.730803396	0.0116461087
-100.792743	233.794806	0.10652908	0.625328473	0.00287288211
-100.907191	233.586161	0.110465206	0.663715511	0.0778475124
-96.6360834	225.474438	0.112080969	0.473120533	0.0470335138
-96.723675	225.304674	0.118873638	0.493829273	1.04775916e-16
-82.8325739	222.409011	0.115349218	0.30043029	0.0642189353
-82.8986449	222.23327	0.117122855	0.509725269	0.0486369326
-82.841064	209.49101	0.118484878	0.346426516	0.00523150439
-84.7193703	209.814913	0.126406125	0.389011639	0.0673070649
-79.0236353	205.521447	0.120882652	0.372404129	1.92827914e-16
-80.9081541	205.837505	0.127634731	0.206395339	0.0
-85.2337765	194.096957	0.126462873	0.390875291	2.74165305e-16
-87.1287447	194.377564	0.137087323	0.0484446715	0.089498235
-72.1842282	183.901653	0.138437811	0.354643209	0.039066981
-76.0374032	184.294439	0.143573923	0.446545091	0.0042540663
-80.3183443	172.420844	0.141080875	0.0	0.0
-82.4703725	172.831134	0.144312198	0.0	1.68502854e-17
-54.5495882	161.380449	0.152620166	0.0708999232	4.7265358899999996e-17
-54.5393355	161.333349	0.154061917	0.205133601	0.000324462665
-67.7001201	159.385492	0.155143868	0.131134194	0.0
-69.4951373	159.921651	0.160064759	0.236515162	1.33609368e-19
-71.7302955	144.22351	0.162895552	0.0	8.96140967e-18
-68.5899598	144.033441	0.153978849	4.7906660199999994e-17	0.0
-49.1476593	138.385258	0.160922837	0.125294376	0.0
-45.3830418	137.648122	0.159262225	0.0894840302	9.70613788e-18
-53.9846527	116.269965	0.157773021	0.0	0.0
-51.9542394	116.336228	0.164553514	0.101590866	6.241424209999999e-17
-50.6922646	131.401037	0.161922861	0.133238093	5.37365169e-18
-48.7812628	131.19695	0.161449812	0.239122999	0.0
-51.7729046	124.421914	0.160711063	0.479954633	1.40941738e-16
-49.8053657	124.433213	0.160682996	0.329045694	7.51352106e-17
64.3763719	187.564501	0.123835475	0.0961159152	0.0156091316
62.565437	187.878262	0.124981724	0.423031066	0.0385276625
-61.1689287	118.150092	0.162578402	0.0678171792	1.24087715e-16
-61.1023402	117.84984	0.157920046	0.677197596	0.0
