# Loss = 0.01383985183251175

# tsi		tv1m		tv2m		tvp		twm		twp		td		to		tr		xk		uc		uv		ucsi
880.7242921	996.467538	613.642092	10.66487155	805.4245626	45.03246762	0.5	256.5112376	147.1067418	9.868581178	0.1	0.05	0.331953909

# t0		TI		IA		v0		w0
-211.315379	543.025041	0.0604179542	0.0374161788	0.985394795
-214.172087	546.799943	0.0710415199	0.0	0.979276555
-96.669826	487.806373	0.0651965604	7.44931143e-15	0.84920258
-100.660194	490.768869	0.0784504831	1.7217552299999998e-17	0.7970559
-147.632438	438.385215	0.0542379846	1.0	0.969791597
-150.559502	439.573487	0.0850250391	1.4467962999999998e-17	1.0
-146.287396	357.78225	0.0783941424	0.130796277	0.588653533
-147.001927	357.964623	0.101962643	0.999997275	0.779234052
-129.489503	338.368133	0.0773998166	0.787590353	0.978154152
-129.987963	337.994797	0.105257807	0.0	0.997729409
-123.84071	319.653634	0.0782564283	0.778945476	0.266070999
-126.074119	320.38869	0.107669166	0.0211668925	0.970767374
-119.555507	314.953353	0.0777403124	0.204782495	0.99369909
-120.403137	315.122936	0.109269944	3.3908371000000002e-15	0.966765807
212.110772	288.969135	0.0867273115	0.388104083	0.520127205
-80.2792535	289.888885	0.107082036	0.0523360195	0.999432051
-101.073232	279.518036	0.0987470111	0.111183562	0.984961757
-100.054345	278.883368	0.118005682	0.910533049	0.977031727
-103.297781	277.683457	0.0913724544	0.17522427	0.418105753
-102.872908	277.26642	0.117671883	0.0101678803	0.772826847
-114.317566	266.919581	0.0981958993	0.187708273	0.284590518
-118.897394	268.557834	0.116613702	0.0676382612	0.984321414
-86.9579358	261.493439	0.101182741	0.104777253	0.00355566834
-87.3819453	261.478076	0.116383201	0.818787518	0.673721771
-98.3152852	253.967406	0.101693539	0.120208	0.610185091
-97.4088345	253.350349	0.118674379	0.987348196	0.373729369
-106.84563	239.189565	0.108273196	0.107616283	0.572965004
-106.068512	238.669076	0.120802301	0.174927647	0.875540053
-100.151421	234.212612	0.111402861	0.106081789	0.716621975
-99.8506214	233.897662	0.124371129	0.125921655	0.417205611
-95.7083196	225.729379	0.11742296	0.11221808	0.02965678
-96.101096	225.687528	0.129662846	0.571416956	0.631784197
-79.8228801	222.101888	0.122657318	0.0896336018	0.0194003561
-81.2127373	222.276046	0.129030053	0.261560369	0.694577957
-82.3648267	209.78409	0.121684642	0.0887414818	0.429757121
-83.9944108	210.097981	0.136854297	0.0951574139	0.990254915
-79.5477668	206.003407	0.126303128	0.0709266759	0.360927639
-80.9323525	206.334803	0.136213399	0.0394047379	0.827604285
-86.0250685	194.619537	0.129496078	0.0575762996	0.817575011
-86.8861445	194.616902	0.146789433	0.0174490455	0.380613543
-72.7555971	184.334956	0.145313607	0.0691483594	0.0139437858
-75.4778006	184.367272	0.15287036	0.118039946	0.594637892
-80.7841711	172.740206	0.149903469	0.225762099	0.311229874
-82.3034942	173.021889	0.156626908	0.11682574	0.690886141
-55.5441051	161.689341	0.157400329	0.0380239673	0.269154582
-54.4089535	161.363204	0.163158958	0.067291823	0.900116221
-68.7942415	159.726982	0.163168618	0.0316855606	0.541630518
-68.8666725	159.7441	0.167383662	0.110040404	0.619860624
-72.0298383	144.773433	0.176927435	0.00856187546	0.00913983441
-70.8741916	144.581599	0.180073286	3.6619371399999997e-17	0.0684318374
-48.9535593	138.330092	0.185671611	0.016677527	0.0127395751
-46.7351816	138.113078	0.184438354	0.0039565767	0.0442357609
-52.2099082	115.93243	0.183662929	8.81861619e-17	2.58768733e-16
-52.1941465	116.277467	0.190639232	1.7462267800000002e-21	0.00631884981
-48.562026	130.580605	0.188353251	2.20437568e-18	1.17550552e-16
-47.9487293	130.702656	0.191180643	0.00299165037	0.489138998
-52.1801184	124.344941	0.190578812	3.3406763999999998e-18	0.495115976
-50.7644582	124.443801	0.189567352	0.0203025091	0.0606888798
66.5886174	187.268225	0.157295192	1.0	0.987866843
67.6937519	186.64517	0.166126627	1.0	0.780874462
-61.3848872	118.259431	0.191435029	0.00993853461	0.10735541
-62.2554782	118.277752	0.190949028	0.00892432167	0.0175829764
