# Loss = 0.01496117019931706

# tsi		tv1m		tv2m		tvp		twm		twp		td		to		tr		xk		uc		uv		ucsi
188.4605681	968.4945096	1519.417887	9.34837147	648.6163397	31.44797475	0.4999802564	833.7622164	140.5610049	9.586010274	0.1000111539	0.01544514194	0.5761899083

# t0		TI		IA		v0		w0
-210.377292	543.183666	0.0552327915	0.921491687	0.611334527
-214.14205	543.612006	0.0655868012	0.179831676	1.0
-98.0287171	488.101223	0.0641364127	0.0222025055	0.652288383
-96.7051388	486.711268	0.0743470594	0.205960976	0.887042503
-149.838477	439.124631	0.0686262492	0.0912130394	0.943906918
-150.661899	438.955167	0.078158298	0.136473199	0.983044579
-145.916158	357.517568	0.0853977974	0.968244787	0.830154032
-147.177835	357.6868	0.096848437	0.974218461	0.978087617
-128.798686	337.868095	0.0906169352	0.851448568	0.955604197
-130.953916	337.986367	0.102738752	0.131039885	0.828328616
-123.883081	319.565395	0.0948685779	0.0341025215	0.684830664
-126.224924	320.085961	0.107097107	0.181289511	0.433838321
-119.404109	314.891551	0.0948128686	0.0657059938	0.7012551
-119.727985	314.803313	0.107037465	0.250210235	0.705530155
212.194251	289.09682	0.10503212	0.726805178	0.60855593
-78.5527625	289.194274	0.111302427	0.843295545	0.917001132
-100.033226	279.13513	0.110979584	0.774225655	0.949783613
-99.2004474	278.349496	0.120905307	0.929169034	0.998185771
-103.582664	277.906265	0.107911589	0.00682296636	0.850709213
-102.45361	276.897024	0.120179553	0.768192575	0.971469189
-113.980028	266.975774	0.113113531	0.931545799	0.954704291
-115.348267	267.002979	0.121352018	0.252255518	0.702956957
-86.207094	261.376698	0.114805518	0.804822314	0.212146802
-87.9793371	261.547196	0.123408029	0.999882058	0.977503538
-95.6776341	253.016252	0.11840777	0.51786017	0.817078252
-96.2697473	252.952312	0.126797651	0.796739003	0.870034648
-105.859534	238.935663	0.124060404	0.567496443	0.798328997
-105.267632	238.438177	0.131411149	0.993692545	0.623894491
-98.9695836	233.999214	0.126246195	0.829265996	0.938129599
-100.942971	234.275445	0.133214532	0.137753537	0.648242878
-94.7855191	225.593074	0.131771295	0.506214731	0.861562672
-96.735941	225.91067	0.13870038	0.688904108	0.961072478
-80.4587391	222.434514	0.134876446	0.375188755	0.875861269
-79.7822482	221.880745	0.13955938	0.902265466	0.760639245
-83.1700432	210.139842	0.135864057	0.0779379912	0.345730855
-81.3571054	209.328734	0.146329462	0.998001245	0.11974778
-78.5728806	205.892657	0.140620378	0.985713052	0.166836142
-80.7634518	206.355501	0.146780693	0.392135192	0.732910153
-85.1799129	194.488343	0.143370202	0.252442264	0.265772966
-85.489847	194.340119	0.155772537	0.385224704	0.462030514
-72.5916727	184.366821	0.15604801	0.41110498	0.119776266
-75.1964633	184.372572	0.161427243	0.183990812	0.609236447
-80.4749531	172.735952	0.160383221	0.353061944	0.28228051
-80.9280857	172.669437	0.166898618	0.53364212	0.412497145
-54.8189846	161.621697	0.166727131	0.0475702186	0.120938849
-54.3682142	161.446546	0.171523306	0.0522183191	0.5879258
-67.427396	159.451461	0.171868122	0.00561934001	0.4468433
-67.7907972	159.517699	0.175406907	0.0973127558	0.195968766
-71.0006898	144.570281	0.181964944	0.529166709	0.00372597342
-68.7794102	144.399828	0.179269907	0.908480479	0.575706276
-49.2928128	138.450094	0.184101101	0.519795228	0.0702989812
-46.2012471	138.075004	0.182373286	0.391201431	0.403563352
-53.0176318	116.123402	0.183397165	0.522564802	0.707316731
-50.3390294	116.007431	0.188044584	0.908885075	0.113838732
-49.5376238	130.797415	0.192638077	6.91152399e-19	0.053491762
-48.0958991	130.782684	0.179115959	0.805440931	0.562274733
-51.4805303	124.277995	0.182612372	0.742796338	0.276237993
-50.0230333	124.311384	0.194923679	3.86066195e-6	0.710632919
66.5040459	187.365766	0.163477678	0.951866903	0.999799377
67.9499602	186.768276	0.170659007	0.537893706	0.64276187
-58.2107467	117.786353	0.183872107	0.835531643	0.336229932
-60.3403049	117.874232	0.190929017	0.229062103	0.0328473305
