# Loss = 0.007493169680152088

# tsi		tv1m		tv2m		tvp		twm		twp		td		to		tr		xk		uc		uv		ucsi
43.88883445	19.27712616	1249.983038	9.524090446	72.80677204	868.5756328	0.5	44.53699232	43.84638993	9.0	0.136266481	0.01	0.6247052425

# t0		TI		IA		v0		w0
-223.22081	538.749853	0.0175915369	0.76953428	0.956603632
-222.307912	543.734091	0.0262849884	0.510259141	1.0061271
-107.098772	483.219298	0.0193446162	0.548542852	0.855625151
-107.126731	486.294219	0.0242644283	0.315150739	0.994898429
-158.539614	437.443204	0.0222587203	0.590862553	0.939050008
-159.121971	438.773572	0.0288899421	0.384299414	0.997141541
-154.518155	357.585242	0.0383749941	0.331240439	0.975244429
-155.445075	358.030115	0.0510597479	0.254569477	1.0
-135.939014	337.631341	0.0465267244	0.253236499	0.966563109
-137.374067	338.305551	0.0605804963	0.194026926	0.991197898
-131.427875	320.348005	0.0541656907	0.270200646	0.941012593
-133.055311	320.745951	0.0685503658	0.182509955	0.976117181
-123.375428	314.319136	0.0574473545	0.202774593	0.942128728
-124.542209	314.613879	0.0711233618	0.152869063	0.978159932
197.378493	292.890509	0.0222793207	0.0	0.0
-85.0689453	289.970437	0.0820314884	1.83169101e-17	0.938445606
-104.336189	278.976951	0.0797162863	0.127714616	0.929180373
-105.36721	279.049559	0.0897142252	0.0867755375	0.957947589
-107.166793	277.519109	0.0785047014	0.0517305341	0.942058507
-108.58497	277.706992	0.0895845796	0.080287929	0.956837119
-119.268728	267.265956	0.0861465495	0.14894989	0.938312596
-120.598379	267.590112	0.0947165506	0.0966718241	0.967460555
-92.6231909	262.24612	0.0886474629	0.0665616879	0.926709279
-93.8629099	262.420633	0.0975695806	0.0826653975	0.946762901
-99.8813296	253.211189	0.0941075538	0.101218311	0.933174921
-101.192352	253.401614	0.102506623	0.0767111499	0.949059298
-109.11474	238.941312	0.103153607	0.0981787762	0.941447665
-110.269116	239.131514	0.110419942	0.0771450873	0.953029919
-101.947351	233.886082	0.10615679	0.104961491	0.924311845
-103.210502	234.083136	0.113066143	0.08817795	0.93827898
-97.6026003	225.516596	0.11115764	0.0938066416	0.924965226
-99.040969	225.782041	0.118172431	0.0854960303	0.933371918
-83.8278148	222.520651	0.114204988	0.0849996063	0.895237523
-84.8183894	222.660119	0.118837119	0.0538040335	0.926755065
-85.2108517	209.993185	0.120097438	0.0599949489	0.927319069
-86.288933	210.241266	0.127446884	0.0783184137	0.919834587
-82.0982378	206.250131	0.123267208	0.0616694112	0.921304273
-82.9196267	206.389863	0.128338868	0.00150932694	0.927928649
-87.6085342	194.601437	0.130208245	0.0449242192	0.944658583
-88.5306346	194.592016	0.13867315	0.0207336017	0.949083107
-75.1832404	184.522895	0.142005894	0.0676165697	0.881431331
-77.839238	184.564788	0.146438593	0.0885279806	0.909691724
-80.5855634	172.373086	0.150149102	0.0	0.870375232
-83.5560363	172.951519	0.155102985	0.0	0.88452487
-55.2689371	161.355738	0.160179868	0.0480030122	0.857893503
-55.2141765	161.333397	0.16269912	0.0199439772	0.892276342
-69.1881518	159.575763	0.163673134	0.0642110453	0.875839825
-69.2518111	159.606394	0.166893035	0.0723953869	0.902512981
-72.6908248	144.785432	0.180829748	0.0725819442	0.864964862
-72.0924833	144.785183	0.181775514	0.0433745482	0.911494733
-49.8562737	138.374713	0.189844028	0.0648952246	0.803360017
-48.7870113	138.369277	0.188047526	0.0182031305	0.868673527
-59.1182563	116.889695	0.219628635	0.126293735	0.861391275
-53.2916874	116.312353	0.221798377	1.8283335699999997e-17	0.802813273
-51.874254	131.039214	0.191664095	0.0148593234	0.872353689
-50.7853069	131.07029	0.196442705	0.0422130333	0.833369409
-51.7443512	124.09368	0.20669084	0.0051406251	0.848800941
-50.4993231	124.29039	0.201135722	0.0345356497	0.864155522
65.0379447	187.167251	0.157521508	0.194955832	0.662747638
68.5116128	186.088855	0.171542721	1.16648214	0.799838911
-64.6768188	118.675946	0.217280505	0.029105069	0.888628719
-65.5941712	118.551605	0.219371219	0.0603349847	0.841797153
