# Loss = 0.00842085626999661

# tsi		tv1m		tv2m		tvp		twm		twp		td		to		tr		xk		uc		uv		ucsi
40.74156073	15.83662146	1249.752693	8.833598617	38.54594476	871.3065877	0.5	29.22617867	40.92480384	9.0	0.15	0.01212377121	0.6441103635

# t0		TI		IA		v0		w0
-225.616171	539.966556	0.0190028796	0.863544257	0.993306593
-222.525564	546.643398	0.0405209709	0.248693035	1.06838181
-107.81711	483.370904	0.020039481	0.760821669	0.591954565
-106.154408	488.034583	0.0300076245	0.178760938	1.0
-163.224847	438.65987	0.021292654	0.739285984	0.980536081
-159.997852	438.973466	0.0254431718	0.543816904	1.02997972
-156.914744	356.540738	0.0263667191	0.571322803	0.983632707
-157.938052	357.730614	0.0309558139	0.512898111	1.0
-139.341909	337.309305	0.0291601186	0.503881314	0.966272206
-139.329618	337.844889	0.0361059256	0.439096675	0.998012963
-135.027198	320.238292	0.032717556	0.485677582	0.956968194
-135.527193	320.681441	0.041697627	0.401645436	0.992329226
-126.98597	314.306449	0.0345769525	0.417732456	0.958437449
-127.0967	314.636703	0.0440422486	0.367210841	0.991558538
202.719183	292.001029	0.0692566926	5.42274277e-20	0.0
-87.0996737	290.083099	0.0560439277	0.105221993	0.984868644
-106.819683	279.125715	0.0532146145	0.280248671	0.953510028
-106.985036	279.117198	0.0653965536	0.228092367	0.978979827
-109.595371	277.56388	0.0521370776	0.212993158	0.956202944
-110.265593	277.7978	0.0652503138	0.21595605	0.981312397
-121.133535	267.330689	0.0611026301	0.293887026	0.96318467
-121.865388	267.616566	0.072992755	0.22284673	0.986404323
-94.5599929	262.334298	0.0646595793	0.187196069	0.939025084
-95.0874772	262.435382	0.0776320813	0.187601167	0.975295969
-101.557169	253.363905	0.0728765347	0.200941507	0.968594542
-102.038924	253.357537	0.0850913369	0.169059351	0.968167595
-110.367472	239.071708	0.0867723542	0.185809902	0.964282971
-110.915644	239.075642	0.0973809501	0.152789784	0.969225573
-102.917248	233.955076	0.091190084	0.179365242	0.94991851
-104.042902	234.119615	0.101493372	0.151308554	0.957209011
-98.6242211	225.631372	0.0993071917	0.148641176	0.953263646
-99.7151674	225.765732	0.10896651	0.123992635	0.958308189
-84.6651462	222.582627	0.10320996	0.128540922	0.91976982
-85.4443614	222.632635	0.110117874	0.0762474122	0.952660006
-85.5499951	209.974288	0.112590261	0.0990541646	0.934063704
-86.2034804	209.868431	0.121017828	0.0808214506	0.948681215
-82.6019539	206.269564	0.116719293	0.125398438	0.903960979
-83.7273039	206.386988	0.122951282	0.0576024932	0.91078037
-88.0040221	194.602001	0.126188393	0.0846575752	0.943263644
-88.9160965	194.548894	0.134072773	0.0993600751	0.916378231
-75.7761968	184.518125	0.137144762	0.0517802126	0.930065838
-78.4673848	184.543904	0.141066804	0.0509112739	0.972122175
-81.4857933	172.47182	0.146189334	0.0	0.910081753
-81.9099279	172.435364	0.150988376	0.0	0.890127008
-56.0548803	161.451366	0.15594024	0.0344372527	0.902659941
-55.5651975	161.293316	0.158898412	3.1331243899999997e-17	0.908553219
-69.6031749	159.544703	0.158722646	0.0714881251	0.910248888
-69.8608488	159.591431	0.161839109	0.0760279343	0.935751205
-73.2976108	144.747271	0.174483288	0.1064714	0.916407304
-72.7845798	144.798509	0.175584807	0.0916231714	0.962018873
-50.6053599	138.396195	0.182122322	0.0559942527	0.856532898
-48.9902141	138.295624	0.181927113	0.0246416756	0.914668687
-58.4048077	116.645216	0.211369036	0.0763912177	0.924379542
-56.399427	116.725248	0.210989511	0.0	0.932113789
-52.2539045	131.003165	0.187007069	0.0165296674	0.939275342
-51.1459279	131.021946	0.1894608	0.0331927224	0.892975125
-52.3816597	124.074132	0.199284847	0.00518960705	0.929565255
-50.9357648	124.246479	0.196053421	0.0319002519	0.934112206
63.3893409	187.36266	0.154951066	0.14077661	0.0
66.602133	186.264781	0.163644923	0.441925698	2.9144202899999997e-18
-64.9523329	118.614093	0.209138382	0.0178928188	0.959169062
-66.1838224	118.530472	0.210816975	0.0426271809	0.895672167
