# Loss = 0.014018071529625444

# tsi		tv1m		tv2m		tvp		twm		twp		td		to		tr		xk		uc		uv		ucsi
91.686	32.413	1249.8	4.9254	68.333	868.71	0.21775	7.0306	68.881	9.9917	0.13022	0.041895	0.59151

# t0		TI		IA		v0		w0
-212.626341	544.518581	0.0506388044	0.249760769	0.972594031
-211.818659	544.31292	0.0706687327	0.502288925	0.994033718
-94.4243055	487.767394	0.0647649209	0.292976672	0.892039234
-95.2365989	487.178666	0.0856411792	0.918553503	0.965214315
-149.744347	440.079555	0.0696315898	0.0491909981	0.995907069
-148.881818	439.60789	0.101585273	0.604078648	1.0
-148.180501	359.777446	0.074172763	0.294777902	0.993832248
-146.332061	358.787627	0.136644587	0.494386748	0.96694585
-128.000323	338.013328	0.0893775384	0.234884036	0.97720896
-128.077525	338.681704	0.160039676	0.694480957	0.989148158
-125.409742	320.970414	0.0967666122	0.0568938928	0.941530466
-122.844922	319.995681	0.154552384	0.0542431488	0.927689957
-118.11887	314.571191	0.087721261	0.201780848	0.984399121
-119.549896	315.562231	0.157586397	0.599049867	0.998536591
209.267687	290.30384	0.0453638062	0.458253067	0.836911566
-76.2539511	289.308677	0.168317164	0.00486491097	0.987620219
-98.9363454	278.709438	0.0963825065	0.268361924	0.968517314
-101.519552	280.409124	0.18943255	0.581362875	0.99978279
-103.703186	277.985249	0.0738589639	0.133194337	0.983471107
-102.488932	278.359901	0.182847237	0.188051956	0.936284563
-115.137224	267.440588	0.0730340089	0.423977438	0.97157352
-114.636409	267.904656	0.153406229	0.355749098	0.970180237
-88.3128957	262.455381	0.114652332	0.41377654	0.944636622
-87.7423058	262.577698	0.169540493	0.0994961551	0.985548007
-96.3767597	253.26064	0.0619921676	0.933874572	0.935783802
-95.4706014	253.727194	0.167946468	0.391362118	0.997291056
-105.103432	238.70242	0.0741641906	0.266380901	0.940880833
-105.593221	239.139317	0.129662583	0.0123497108	0.931800956
-97.8320101	233.439218	0.0732704327	0.980127359	0.922288821
-98.6595814	234.096144	0.11543045	0.509931671	1.0
-96.1413816	225.459677	0.0462065856	0.952782634	0.897997907
-94.7206227	225.653811	0.110914026	0.924778655	1.0
-81.0497324	222.383169	0.0634329462	0.978325368	0.895425277
-80.1561765	222.373256	0.16860338	0.956361043	0.981152155
-81.4105677	209.366569	0.0873141739	0.999737017	0.862040703
-81.9005559	209.602367	0.100783022	0.784749098	0.971363422
-79.2886953	206.052401	0.0839228837	0.922621167	0.851659193
-79.6880618	206.345964	0.109813257	0.129822813	0.869273133
-86.7166463	194.432932	0.0848179686	0.266345066	0.909985924
-86.2197312	194.337928	0.0937418569	0.839871138	0.868629129
-73.1622041	184.225845	0.0912039888	0.497085544	0.841046338
-74.9863379	184.298765	0.114033147	0.883243205	0.951847747
-80.2442676	172.328516	0.0818941432	0.177042512	0.838932153
-80.4617927	172.411196	0.0914261202	0.128096755	0.915867548
-53.6617422	160.690193	0.0568277681	0.80905326	0.649604592
-54.9221565	160.93633	0.056867473	0.792147149	0.928217589
-68.1199692	158.558531	0.0428877406	1.0	0.690586442
-67.5273913	159.202004	0.0800792531	0.981541404	0.895590068
-74.5125695	143.969652	0.0440063275	0.570995934	0.751653026
-72.1463244	144.201054	0.0505919635	0.213570582	0.806656084
-49.2809747	137.965864	0.0704933364	0.999784154	0.569027782
-48.9683374	137.929733	0.0599717842	0.0909990038	0.636291701
-55.8403245	116.166125	0.102662057	0.698691385	0.526673692
-53.6601223	116.181602	0.108275982	0.655073317	0.58921983
-51.0465703	130.536015	0.0660592254	0.669744482	0.421818776
-48.9169105	130.437834	0.0872618218	0.954818663	0.453219456
-51.7519151	123.844403	0.0994385464	0.625903132	0.362148178
-47.6879258	123.511856	0.119780326	0.72119396	0.361516198
65.5273771	187.121902	0.0540111592	0.939293661	1.0
65.2576258	186.744507	0.0397875836	0.481904209	1.0
-59.4570178	117.727359	0.181770179	0.488737586	0.183081079
-63.3803937	118.236344	0.194145234	0.807186288	0.461164044
