# Loss = 0.020832907370402554

# tsi		tv1m		tv2m		tvp		twm		twp		td		to		tr		xk		uc		uv		ucsi
924.9221952	224.0589615	870.636981	14.09423511	434.5603583	502.8061587	0.5	255.7908759	161.5653474	9.978820967	0.1319593007	0.05	0.9

# t0		TI		IA		v0		w0
-219.939814	544.169253	0.0158903498	0.683162059	0.589460454
-219.205926	545.229012	0.0209406003	0.787945367	0.355860987
-101.675555	487.617207	0.0248452019	0.0880551358	0.0642774023
-103.140417	488.255476	0.0288853093	0.477993532	0.851935091
-148.41104	437.708948	0.0311916322	0.425957091	0.916968921
-153.685376	440.767371	0.0662309123	0.161618872	0.0240910653
-146.325128	357.089933	0.0624696442	0.858641076	0.00433708058
-147.923189	358.500522	0.0824527243	0.513300281	0.293336693
-130.809509	337.667168	0.063994199	0.198674766	0.0471905792
-129.969221	337.70021	0.0902804818	0.807792623	0.9680874
-126.607644	319.673678	0.0595584921	0.226647624	0.861054392
-125.304641	319.67497	0.0785629992	0.484869355	0.0826219421
-122.807598	315.922496	0.0605215577	0.082117392	0.251932207
-120.095874	314.466986	0.0889543975	0.746848881	0.808008517
204.497204	292.162102	0.0786119961	0.0646966574	0.28577715
-82.9924709	290.249831	0.0859119484	0.0527217566	0.980678153
-101.271688	278.82496	0.0844551375	0.398661755	0.459211413
-103.106268	279.552517	0.1009029	0.000851431176	0.989592148
-104.136921	277.62125	0.0823323196	0.491728185	0.36167227
-106.43714	278.116201	0.101433718	0.800112531	0.0919829839
-116.699512	267.808174	0.0846476948	0.0965439458	0.933394648
-116.670046	267.310516	0.100933014	0.955090167	0.541465509
-88.713488	262.252001	0.0897120229	0.656328082	0.479200754
-90.2822333	261.951375	0.099720136	0.432387623	0.187396375
-97.4570014	252.849962	0.0929040347	0.46493856	0.334300824
-99.0380954	253.548508	0.103349192	0.28549084	0.388004153
-106.781543	239.008281	0.0973997479	0.0789546834	0.286536303
-108.749982	239.188949	0.108979086	0.0822518847	0.304769099
-101.75974	234.60398	0.102642574	0.693586754	0.855621478
-100.874186	233.994093	0.114059679	0.905389452	0.56410667
-96.807969	226.186973	0.109228936	0.876563881	0.9840413
-96.8849479	225.700698	0.119302375	0.961070567	0.368049133
-84.0142767	222.95606	0.111478598	0.322783178	0.32917139
-82.3359133	222.459773	0.120708997	0.589142728	0.423860218
-82.5516915	209.941703	0.109064181	0.0486197492	0.550060827
-83.3644193	209.925235	0.125978763	0.813516104	0.12401239
-79.7661239	205.873126	0.120276453	0.529799539	0.316900408
-81.2979591	205.988529	0.128631684	0.960702758	0.930115444
-85.8093686	194.348825	0.118703767	0.0537051265	0.0563629389
-85.853997	194.070206	0.13417416	0.0983981304	0.550833243
-74.2758801	184.682787	0.132070615	7.47421799e-6	0.916674489
-75.104882	184.160793	0.141668544	0.290604851	0.144790877
-80.2701408	172.668309	0.133039039	0.613366465	0.118019429
-83.0221991	172.968208	0.145138382	0.0901731786	0.260189559
-54.9557894	161.646227	0.137007203	0.322523415	0.0886419291
-56.0100372	161.627985	0.14656768	0.811380984	0.15044983
-68.2536973	159.489122	0.14285732	0.879163184	0.155598137
-69.4991557	159.906667	0.152687243	0.0656617855	0.0989032056
-72.9713529	144.810517	0.164264665	0.031909038	0.483134937
-68.8114003	144.469081	0.148127053	0.799672995	0.150318483
-48.5500818	138.445548	0.148756884	0.224188287	0.64207386
-46.3927486	138.058504	0.14863158	0.472815905	0.106951792
-56.3657082	116.418103	0.169272133	6.30756789e-19	0.930364154
-46.8833769	115.424431	0.156624713	0.768940186	0.00481824629
-51.2431027	131.308625	0.137897584	0.907453897	0.720879181
-50.0060818	131.206416	0.146332303	0.275373624	0.118987703
-54.2314973	124.744038	0.174988516	8.32974341e-5	0.981117004
-50.1599473	124.544859	0.136845109	0.538033177	0.371523479
66.58327	186.910053	0.142816911	0.643170153	0.138842275
66.4355935	187.100651	0.147428686	0.996169724	0.713862521
-57.5712574	117.752207	0.149032589	0.262743407	0.493460738
-59.8248489	117.901312	0.158763542	0.137923295	0.242257287
