# Loss = 0.015654420125212686

# tsi		tv1m		tv2m		tvp		twm		twp		td		to		tr		xk		uc		uv		ucsi
560.4201133	968.9181024	1566.890971	11.72476553	395.7548982	66.72542722	0.5	585.2874013	147.3759376	10.158013	0.1	0.0106479315	0.1164317421

# t0		TI		IA		v0		w0
-217.391031	543.165298	0.0521614902	0.33191386	0.133132746
-219.339909	543.25307	0.0704057415	0.0385617862	0.21006232
-101.101166	486.565497	0.0598227578	0.120587825	0.443076682
-103.050752	486.639172	0.0677175305	0.93110589	0.920508794
-153.104948	438.692554	0.0613442641	0.217451738	0.611462714
-155.072116	438.791142	0.0789269695	0.00945151305	0.999971893
-150.516648	357.542291	0.0801400476	0.534521493	0.11816245
-152.499427	357.629947	0.0968257204	0.00010063052	0.705162091
-132.714947	337.84015	0.0872277483	0.0390726735	0.946288144
-134.64494	337.980567	0.0995302262	0.56502402	0.515652775
-127.982036	320.32866	0.089057461	0.0737890819	0.492874548
-129.921104	320.462205	0.101842755	0.458072164	0.523480857
-119.528673	315.055343	0.0896249498	0.0686208837	0.760636173
-121.475103	315.151435	0.101927097	0.679787698	0.467061166
207.385886	289.667626	0.0976856228	0.575592528	0.517197039
-82.6079926	289.742184	0.107205561	0.927597128	0.21221296
-101.302755	278.873139	0.107408576	0.0547667188	0.0796890733
-103.241337	279.015912	0.117116353	0.589733995	0.0820345766
-104.613983	277.496101	0.102367515	0.158284858	0.200998387
-106.578261	277.617179	0.115986362	0.00144076741	0.919038518
-117.328489	267.174792	0.108113671	0.518784305	0.430822608
-117.364295	267.10999	0.11798176	0.0384429318	0.671645772
-90.6330936	261.98085	0.109287266	0.254064018	0.721174234
-90.6486249	261.946113	0.11876448	0.373314888	0.993967671
-98.4743754	253.33665	0.113034311	0.0449114653	0.398673895
-98.4977406	253.267555	0.123772829	0.0319592749	0.290331009
-107.349776	239.011245	0.119224812	0.664475447	0.575254451
-109.312775	239.176454	0.127285993	0.0247114503	0.727730232
-100.737825	233.960025	0.121844855	0.765008411	0.516714669
-100.766718	233.869681	0.129543231	0.813207859	0.356804625
-96.5862588	225.625894	0.127365397	0.016314577	0.901981114
-96.6079988	225.53329	0.134772258	0.623579376	0.683918519
-82.8304516	222.4125	0.130971792	0.545457273	0.713603461
-82.860804	222.326655	0.135265318	0.0581690285	0.117375809
-82.7360536	209.737504	0.131719885	0.0131328162	0.884131244
-84.6805084	209.925175	0.141566293	0.273900959	0.934253125
-78.8638754	205.891295	0.135346643	0.350283057	0.000816436648
-80.817985	206.080496	0.142061072	0.0324227796	0.0775088579
-85.1110933	194.341761	0.138903534	0.0382918802	0.00253709166
-87.074869	194.506201	0.150431813	1.30689547e-17	0.791850608
-72.0360853	184.144399	0.150977978	0.131861938	0.461509672
-75.9761522	184.358557	0.157408086	0.306362981	0.230578168
-80.2480275	172.599869	0.155576888	0.312509625	0.645612758
-82.1981424	172.841463	0.162101099	0.298349897	0.697037375
-54.509764	161.39961	0.16173327	0.325346563	0.00865278038
-54.5106032	161.353796	0.166336547	0.0570980291	0.685741397
-67.630813	159.46981	0.163223245	0.512116329	0.445575947
-69.5541231	159.773925	0.167085916	0.613116465	0.337211768
-70.1936841	144.442843	0.170912757	0.133764806	0.484633386
-68.2377305	144.257397	0.169438801	7.37481499e-20	0.00442360807
-49.1079117	138.395113	0.184837234	0.00122479493	0.413237963
-45.2155786	137.877306	0.181479491	9.47408843e-20	0.849995879
-53.9541586	116.188713	0.182030621	9.18387813e-19	0.0356736687
-51.9255319	116.232468	0.188660169	1.60529658e-19	0.359726795
-50.7926211	130.968677	0.188282751	0.000424426426	0.0154524334
-48.820689	130.779156	0.190553387	0.00060556619	0.327648702
-51.8092107	124.222699	0.189602188	0.0127328768	0.131198587
-49.8188451	124.179626	0.190664958	0.00900049265	0.00727274195
64.4109116	187.624744	0.159847802	0.841710129	0.7725084
62.486093	187.778321	0.16642752	0.92281235	0.113262319
-58.8099658	117.929844	0.177510601	0.109322526	0.346661544
-58.9301876	117.66057	0.181578629	0.101021733	0.000213363762
