# Loss = 0.006337703828917226

# tsi		tv1m		tv2m		tvp		twm		twp		td		to		tr		xk		uc		uv		ucsi
163.25	52.755	1270.1	9.2974	38.201	869.17	0.35901	27.292	101.09	10.736	0.14407	0.030236	0.72853

# t0		TI		IA		v0		w0
-212.737638	545.30912	0.0572309193	0.0	1.0
-210.981735	547.21047	0.15778345	0.774912181	1.0
-96.1606157	486.897168	0.0420670769	0.941103287	1.0
-94.5746492	489.426735	0.197453086	0.337138065	1.0
-149.922987	440.059719	0.0678195775	1.17792377e-16	1.0
-145.661472	439.044406	0.168063575	1.2630626700000002e-15	1.0
-153.308526	357.414084	0.0208529954	0.79620427	1.0
-151.949612	360.45236	0.0872913149	9.19295496e-17	1.0
-136.811184	336.693341	0.0196199797	0.504009659	1.0
-134.45721	338.288364	0.0303510838	1.0	1.0
-135.851863	319.174553	0.0192695889	0.566389509	1.0
-132.159314	319.666332	0.0225518427	1.0	1.0
-127.793112	314.229616	0.0198362009	0.589857003	1.0
-125.705396	314.228915	0.02238185	1.0	1.0
200.697156	289.925879	0.0211784042	0.76055601	0.569974628
-87.8711787	289.795666	0.0230512111	0.631627248	1.0
-110.962396	278.337632	0.0211363474	0.40838461	0.985882536
-107.492182	278.776639	0.0246785093	0.965411148	1.0
-114.500052	277.303029	0.0213048001	0.490102989	0.898308462
-111.460318	277.515646	0.0239668106	0.61552252	1.0
-125.454563	266.923619	0.0219685104	0.434205192	1.0
-124.76198	267.446542	0.023809133	0.643163793	1.0
-100.743698	262.114872	0.0221222351	0.349541025	0.937967196
-97.9459583	262.254601	0.02451239	0.562759042	1.0
-107.735371	252.602748	0.0228072975	0.372943038	1.0
-105.661151	253.374139	0.0258733126	0.418070337	1.0
-116.972438	239.307288	0.0256676291	0.411154537	1.0
-114.675746	239.168582	0.0301683138	0.423812815	1.0
-109.274267	234.176982	0.0269302104	0.368740885	1.0
-107.285764	234.235916	0.0343630202	0.357611274	1.0
-104.157333	225.983497	0.0316520888	0.318304185	1.0
-101.469916	225.992117	0.0482865133	0.287496291	1.0
-89.0504265	223.012867	0.0372903057	0.155035085	1.0
-87.2205739	222.872695	0.0509765786	0.0802186104	1.0
-88.7675148	210.355214	0.051068482	0.125138041	0.945485861
-86.4733212	210.286225	0.0926008481	0.0636406926	1.0
-84.2313642	206.481216	0.0653021458	0.150349079	1.0
-83.461593	206.565402	0.0936962877	1.74050435e-16	0.832315925
-88.3746592	194.73016	0.090656069	0.1398968	1.0
-87.9959804	194.640815	0.135472657	0.0398030111	1.0
-74.7213776	184.58932	0.13511494	1.21385229e-16	0.581191101
-77.9743214	184.77621	0.14374437	0.0	1.0
-80.2767166	172.441089	0.148242202	5.847274179999999e-17	0.657001811
-82.5626018	172.936391	0.149888468	2.79820303e-18	0.800513328
-54.7237055	161.366909	0.160114197	9.91297239e-18	0.0730371784
-53.9389877	161.179824	0.162445845	0.504756479	0.185996132
-68.956187	159.613354	0.163042568	0.0517337062	0.78938285
-69.2346537	159.680049	0.166714637	0.0438544499	0.895656994
-73.3320894	144.937566	0.17771413	0.0939760331	0.753304047
-72.5278636	144.932959	0.179067688	0.058170566	1.0
-49.4647484	138.347125	0.186933028	2.08103712e-17	0.0163344113
-48.2893227	138.319687	0.184128393	0.000354471313	0.828056239
-58.3941392	116.827382	0.210156257	0.0715931466	0.694098314
-53.6393166	116.425423	0.211985206	8.51179941e-18	0.468983939
-51.8269052	131.089737	0.188267692	0.00953704693	0.84355376
-50.2378297	131.031593	0.193861528	1.14364895e-16	0.0
-51.907533	124.160172	0.199070512	0.00182797978	0.812793577
-50.6233004	124.335487	0.194010298	0.0123667331	0.908179186
66.214949	187.006663	0.152824511	0.677912276	1.0
69.8446844	185.800461	0.163047958	0.99982666	1.0
-64.8397719	118.728218	0.207571732	0.0240334997	0.934335896
-65.8561887	118.627545	0.210373214	0.0495055986	0.629319177
