# Loss = 0.004622533215147189

# tsi		tv1m		tv2m		tvp		twm		twp		td		to		tr		xk		uc		uv		ucsi
88.668	15.042	1253.3	11.587	39.01	855.9	0.29407	200.69	76.954	10.291	0.12923	0.025337	0.76547

# t0		TI		IA		v0		w0
-214.157603	542.828238	0.0275830272	0.688285815	1.0
-213.353183	545.964599	0.0877812698	1.0	1.0
-98.6171727	486.290369	0.0318587572	0.0783702885	0.676299987
-98.0518312	486.882532	0.0706344696	0.958113716	1.0
-149.284002	436.851667	0.0351836736	0.498463084	0.969907057
-149.319539	437.877218	0.0649140839	1.0	1.0
-147.828305	356.753192	0.0527694582	0.0	0.950169101
-148.138182	357.136425	0.0749168941	1.0	0.988764501
-130.831621	337.260698	0.056681757	4.96643345e-16	0.842466031
-130.887917	337.315761	0.0777403367	0.693302572	1.0
-126.889475	319.840141	0.0599312038	0.106428538	0.997025494
-128.768415	320.509215	0.0796733909	1.46133968e-16	1.0
-119.050196	313.884152	0.0606938114	0.0	0.773911914
-121.165165	314.558382	0.077601389	8.892370919999999e-17	1.0
208.048569	290.216207	0.074785652	0.78469092	0.057532213
-80.2371807	289.160065	0.0809566721	0.139310064	0.638563012
-100.337557	278.346582	0.0754752005	1.79811508e-16	0.719093295
-100.901027	278.328076	0.0882430492	0.488469897	0.823326827
-104.334263	277.21967	0.0735953734	0.540929039	0.512202345
-104.600185	277.200296	0.0873782436	0.385709745	0.824742534
-117.715877	267.528639	0.0786206196	0.0903857845	1.0
-117.282988	267.093747	0.0899749067	0.547743679	0.875392141
-89.4531503	261.955695	0.0803880505	0.0117031625	0.538014233
-90.508948	261.801172	0.09174831	0.047225792	1.0
-96.9785925	252.841267	0.0844499761	0.0	0.766421525
-98.5926326	253.113254	0.0947296096	2.72694772e-16	0.926942219
-107.58678	238.919944	0.0916493327	0.0732866624	1.0
-107.929157	238.849635	0.100333985	0.0717958707	1.0
-101.321131	234.123297	0.0937986253	0.0731148537	0.988228956
-101.158255	233.828003	0.102442293	0.0	0.974423346
-95.973007	225.399593	0.098249857	0.0404526026	0.977915368
-98.32865	225.855514	0.106559578	0.000432626201	1.0
-81.9746044	222.345429	0.101516562	0.0	0.760947802
-83.1465786	222.465175	0.107199778	1.1752705500000002e-15	0.814897255
-83.0256564	209.721934	0.10698097	0.0	0.688903927
-85.1442563	210.129121	0.115387084	0.0	0.906979445
-81.0405303	206.228197	0.109754422	0.0339931079	1.0
-81.0484118	206.038298	0.117343882	4.20923937e-16	0.5098984
-86.5607061	194.58859	0.116279678	0.0506577504	0.990049526
-87.6857211	194.568719	0.126141777	0.0347288956	1.0
-73.6090151	184.348657	0.128386118	1.8085679300000001e-16	0.568320986
-75.8821599	184.269505	0.132914677	0.0	0.889763728
-81.584519	172.808931	0.13461874	0.00353228572	0.97219333
-80.6089619	172.449209	0.141012834	0.0	0.902433222
-54.6028819	161.399175	0.147304096	0.0	0.407883982
-53.7430393	161.156067	0.152330784	3.16600225e-16	0.414507255
-68.9119594	159.653353	0.148946953	0.0488505504	0.892723363
-69.2774124	159.725126	0.153290487	0.0312366025	0.971495546
-72.7253307	144.870925	0.165959397	0.0473197056	0.881922284
-73.6261715	145.248452	0.167728994	0.0763708302	0.998841817
-49.8327734	138.450885	0.176995581	0.0	0.415952327
-48.350917	138.383174	0.174451841	0.0176694722	0.8992661
-54.2395987	116.164918	0.209835567	0.0	0.268322918
-54.1264934	116.529367	0.207502707	0.0	0.771524467
-51.5792143	131.093876	0.179278323	0.017160976	0.925637714
-49.731222	130.947602	0.187826642	3.33602786e-17	0.0509344471
-51.6215062	124.173111	0.192598496	0.00924416285	0.919708823
-50.9707563	124.455795	0.187733253	0.0202911113	1.0
66.1630482	187.029759	0.144457851	0.0146716061	0.18169605
68.9437305	186.181142	0.15536453	1.0	1.0
-63.8231624	118.599408	0.203180017	0.0223167511	1.0
-65.3023106	118.570751	0.205446795	0.030283085	0.879351184
