# Loss = 0.008186999106925968

# tsi		tv1m		tv2m		tvp		twm		twp		td		to		tr		xk		uc		uv		ucsi
84.925	276.19	913.1	8.8504	100.24	894.91	0.20372	259.22	69.856	9.5557	0.13933	0.029968	0.60595

# t0		TI		IA		v0		w0
-217.497073	543.006376	0.0176110951	0.464516444	0.982369378
-219.469794	543.029207	0.0171091788	0.597874821	1.0
-101.202236	486.411766	0.0200270554	0.616101386	0.901552376
-103.185802	486.4262	0.020812403	0.925767879	0.982245212
-153.197369	438.485724	0.0223706107	0.501818457	0.974394445
-155.211153	438.467613	0.0238217628	0.995213945	0.982780241
-150.595296	357.321936	0.0293016322	0.436128026	0.835969398
-152.60035	357.316112	0.039879019	0.696904088	0.973235669
-132.786793	337.604877	0.0278147239	0.515890099	0.410420527
-134.766276	337.649136	0.0441375721	0.709972332	0.987578737
-128.042199	320.092799	0.0353720758	0.972809117	0.533444742
-130.020332	320.150977	0.049533678	0.617311667	0.913165561
-119.532783	314.996491	0.042163136	0.544468533	0.409355996
-121.518345	315.036307	0.0688944165	0.344410447	0.968918632
207.2961	289.443013	0.052454883	0.380262667	0.387703781
-82.6978318	289.460286	0.060170203	0.0266432589	0.932562579
-101.35647	278.689199	0.0581989252	0.840810378	0.776055969
-103.311429	278.756788	0.072191327	0.681590562	0.857768215
-104.662523	277.326758	0.0506591544	0.66625792	0.773576055
-106.62375	277.391932	0.07226883	0.992964228	0.905178636
-117.401969	266.877421	0.0550259173	0.833254272	0.740954231
-117.399655	266.889741	0.0735471828	0.647578571	0.937361264
-90.7221064	261.529643	0.059283448	0.870726438	0.625959102
-90.718287	261.53555	0.0768423051	0.712165675	0.849747669
-98.5328895	253.088992	0.0603209844	0.323455219	0.422444885
-98.5217059	253.09821	0.0845302305	0.794366416	0.886785592
-107.383743	238.827399	0.0731945926	0.921447899	0.761087718
-109.369636	238.889387	0.0884386512	0.389222797	0.881115852
-100.790071	233.693769	0.0744806667	0.994742776	0.55067476
-100.814046	233.674357	0.0927893988	0.541650744	0.862227671
-96.6258698	225.355223	0.0815154618	0.409244444	0.738978568
-96.6452404	225.343145	0.09964649	0.650217427	0.863788152
-82.921455	221.989098	0.0849158769	0.798830323	0.425581829
-82.9041132	221.998365	0.0977504467	0.889990962	0.415555662
-82.7501569	209.540009	0.0891440342	0.445654954	0.701476825
-84.7208281	209.616889	0.110952804	0.497769092	0.893432033
-78.8650002	205.733608	0.0980580962	0.725188559	0.416901114
-80.8418589	205.793448	0.109748498	0.324686335	0.764613811
-85.1029597	194.252502	0.103907378	0.910353136	0.537729889
-87.0763713	194.326839	0.126816135	0.55780432	0.672040277
-72.0173476	184.050779	0.121424716	0.548250882	0.571441377
-75.9922603	184.137602	0.128477027	0.714318487	0.731095067
-80.2460747	172.528899	0.126167937	0.533709755	0.407937189
-82.2256785	172.611912	0.136555482	0.816435692	0.799695563
-54.5304491	161.196599	0.14366763	0.9273769	0.28312894
-54.512229	161.198826	0.145073448	0.802635954	0.569174679
-67.6077233	159.347653	0.147447551	0.617702293	0.35958272
-69.5860098	159.457364	0.149024666	0.283970608	0.81152394
-70.1195847	144.294744	0.164602622	0.15518291	0.533449956
-68.13186	144.224842	0.176517559	0.746469044	0.370569129
-49.1007241	138.303324	0.184852458	0.786700759	0.248452828
-45.1591647	138.032335	0.169410359	0.0319664497	0.574742061
-53.9173426	116.052594	0.214318653	0.636407884	0.288801108
-51.9187766	116.084938	0.213470211	0.067183819	0.324690357
-50.826193	130.296864	0.186093868	0.69259671	0.79701502
-48.8133958	130.320153	0.190086652	0.62165136	0.286739781
-51.8239091	124.004466	0.193960629	0.124643979	0.267954373
-49.8151416	124.001749	0.195636245	0.583594018	0.212246305
64.3675905	187.377473	0.141661035	0.544234015	0.879918908
62.4012123	187.436889	0.152859996	0.179164503	0.97364209
-58.7611332	117.692142	0.215202083	0.345152182	0.73796551
-58.7810242	117.542318	0.214445213	0.32795497	0.320715464
