# Loss = 0.008282695751653402

# tsi		tv1m		tv2m		tvp		twm		twp		td		to		tr		xk		uc		uv		ucsi
55.199	25.474	1261.2	4.7924	42.65	888.06	0.32609	6.0999	49.733	9.2826	0.13151	0.04668	0.6751

# t0		TI		IA		v0		w0
-213.780486	543.713029	0.0448344216	0.493431359	0.999156005
-215.378663	544.613409	0.0576315406	0.48794748	1.0
-98.0793211	487.855686	0.0520340259	0.455866427	0.879926436
-100.160252	488.010651	0.0671526473	0.607326073	1.0
-149.349606	439.018225	0.056965229	0.229710338	1.0
-152.141862	439.650889	0.0761930266	0.276403269	1.0
-147.424346	358.41513	0.0634657947	0.0654134005	0.984470072
-148.391739	358.825134	0.095539421	0.377064144	0.975291454
-129.81148	338.425336	0.0645340919	0.0617111654	1.0
-131.726675	339.344602	0.10442872	0.387649621	0.995928567
-125.728575	320.185034	0.0686998691	0.00142793648	0.973733102
-125.824798	320.785005	0.109122658	0.279892789	0.978335704
-117.546106	314.214066	0.0656997477	0.00367791615	0.999633087
-117.722146	314.348857	0.111222754	0.187931803	0.971427414
209.231255	290.306682	0.0731320609	0.909399937	0.742050901
-78.8134039	289.828467	0.114483492	0.0502467088	0.999232865
-99.434461	278.396472	0.0805402948	0.133879254	0.987129567
-99.7856946	278.971109	0.127414877	0.0869500565	0.960427131
-101.342505	276.590612	0.0730307581	0.0392089029	0.961475361
-103.58083	277.769075	0.128061359	0.420552453	0.97399252
-117.087486	268.246016	0.0752837574	0.213592521	1.0
-114.560254	267.348588	0.124264221	0.472358895	0.971198119
-87.6159782	261.657515	0.0709251648	0.413561146	0.99076882
-88.089382	262.162121	0.129588975	0.274790822	0.98490184
-96.5003692	253.113525	0.0669092927	0.389125907	0.978005535
-95.6347158	253.052407	0.129132822	0.230393842	0.963094818
-105.245886	238.536922	0.072810821	0.305340793	1.0
-106.301706	239.000733	0.124815948	0.0213990537	0.999439609
-98.9644969	233.679809	0.0762413683	0.112460065	0.995004922
-97.1705318	233.289496	0.125452643	0.412622729	0.966118838
-93.3646257	224.466281	0.0567244537	0.878721812	0.964143625
-96.9616291	225.975083	0.0938312729	0.104262818	1.0
-80.8831181	221.796916	0.0580555104	0.698080981	0.963814496
-81.5676133	222.16569	0.0844296166	1.93264035e-15	0.999386587
-81.9428381	209.072543	0.05825048	0.715018474	0.951998974
-82.2643635	209.633309	0.101191544	0.51806827	0.999168813
-77.8285642	205.144459	0.0651032045	0.636882347	0.932686672
-79.2072902	205.780477	0.084533262	0.331969842	0.942497214
-86.0132078	194.11559	0.0564625486	0.567021558	0.968949021
-85.3822657	194.177502	0.0753000473	0.531309674	0.9396026
-72.5006057	183.701277	0.0624767544	0.591957043	0.935183653
-74.7284289	183.776178	0.0674324312	0.868127867	1.0
-79.5918348	171.760342	0.0565918268	0.345311885	0.937760334
-80.2045709	171.977477	0.0644440599	0.324621516	0.970620902
-54.8826212	160.356866	0.0443409827	0.638400728	0.913692814
-55.5681368	160.242646	0.044420174	0.912400134	0.951187057
-68.7565354	158.667088	0.0449532821	0.812387571	0.919758809
-68.9803039	158.429782	0.0448819753	0.999680304	0.957673655
-72.497439	143.548452	0.0482212125	0.993631297	0.888702399
-68.2653688	143.078182	0.0521649266	0.360246575	0.884456867
-51.3154706	137.466327	0.0505551034	0.485685137	0.85365048
-48.9892094	137.601091	0.0527153931	0.562353386	0.824142141
-57.075779	116.192985	0.0818445041	0.749248046	0.808720245
-54.9188307	115.905058	0.07525902	0.685774168	0.822254413
-52.4241017	130.564675	0.0686136371	0.90027998	0.745256938
-51.4327755	130.258577	0.0535987167	0.867461118	0.771728669
-52.2985405	123.777677	0.0980125151	0.796501938	0.734084594
-49.6949422	123.128279	0.0584370851	0.868500184	0.739131125
66.0608969	187.231763	0.0776249971	0.123436057	1.0
67.1371966	186.820531	0.0903848828	0.052634219	0.999742048
-62.2245117	117.985231	0.117864791	0.601185386	0.669480921
-63.3977292	117.970026	0.154434975	0.803512821	0.829790533
