# Loss = 0.00790948531803761

# tsi		tv1m		tv2m		tvp		twm		twp		td		to		tr		xk		uc		uv		ucsi
42.355	20.394	1238.7	4.6356	47.493	876.13	0.35014	5.8755	38.151	9.3326	0.13342	0.039532	0.49475

# t0		TI		IA		v0		w0
-214.293149	544.603929	0.045323093	0.447411014	0.997010057
-215.34352	545.05811	0.0592842995	0.251220723	1.0
-98.4389656	487.755185	0.0510783573	0.932123039	0.999931349
-99.5101192	488.368845	0.0696717763	0.534746408	0.874322883
-150.053042	439.02173	0.0547142569	0.175295852	1.0
-150.842641	439.491519	0.0762355144	0.155371642	1.0
-147.35815	357.537756	0.0586101547	0.0346229238	0.99235451
-148.153729	358.451688	0.0901055733	0.152592527	0.980988232
-129.675477	337.812729	0.0607614804	0.00200593139	0.98185151
-129.554806	337.97414	0.09861455	0.182565943	0.991896461
-125.513491	319.922653	0.0587109534	0.00325497616	0.985745515
-125.132446	319.890126	0.101254732	0.212753778	0.991869273
-118.398114	314.102327	0.0558993096	0.115247734	0.997652197
-117.745241	314.165407	0.100837741	0.116998532	0.989278777
208.348861	289.908651	0.0493370981	0.749699996	0.27149565
-80.3519587	290.150071	0.100165283	0.362655639	1.0
-98.9007878	278.100548	0.0683809033	0.0890582517	0.952542152
-100.59666	279.025262	0.108019558	0.172692719	0.988948791
-102.977297	276.476754	0.0520577342	0.20225932	0.976132738
-102.871181	277.314086	0.108071703	0.369506378	0.98235406
-115.804997	267.078041	0.0622316763	0.417826078	0.997399455
-116.032392	267.30327	0.0994142324	0.322317998	0.97967462
-87.2549907	260.669301	0.0569356757	0.421083234	0.932437645
-88.6843832	262.09314	0.10065918	0.22044598	0.983834503
-97.3240394	252.502664	0.0538627616	0.203975958	0.966269485
-95.7443038	252.790063	0.100236273	0.0350364352	0.974055654
-106.338876	238.571324	0.0613326388	0.525249276	0.984147949
-107.174047	239.100295	0.0958211902	0.29514274	0.999431545
-99.2154959	233.185797	0.0557951967	0.508161944	0.970623998
-97.3403808	233.013351	0.10163725	0.762981544	0.973097112
-96.2880441	224.934509	0.0498007379	0.469501402	0.971826343
-95.5478803	225.169644	0.0744989542	0.624516353	0.986199087
-80.4238705	221.393395	0.0526303372	0.919858933	0.933886466
-82.2943652	222.001157	0.0616025174	0.684728848	0.983787112
-82.937849	208.809561	0.0473839813	0.85484577	0.929346464
-82.2652473	209.315775	0.0845355865	0.924029819	0.98486501
-78.8572489	204.933593	0.0528908284	0.701193632	0.913659355
-80.2695183	205.488567	0.0636758466	0.533854151	0.928729816
-85.2721538	193.497725	0.0483864378	0.902058145	0.930592731
-87.1167407	194.028685	0.0593886035	0.52910785	0.948795645
-74.6325692	183.875545	0.0500890819	0.695308568	0.927876131
-75.1522793	183.63465	0.063297831	0.872470151	0.981017172
-80.2507972	171.849941	0.0569619432	0.375068345	0.940046787
-79.9374699	171.957261	0.0648528008	0.446386782	0.9665722
-56.3017722	160.23955	0.0468129126	0.8650036	0.882399913
-54.7167183	160.124265	0.0474795334	0.929601199	0.933254456
-69.7152539	158.435654	0.0472024677	0.992298372	0.900478113
-70.1111854	158.834892	0.048240907	0.976585106	0.952007795
-70.2803545	143.325929	0.0527851298	0.474505169	0.916451286
-70.9004163	143.643479	0.0559640723	0.363511606	0.901191372
-51.4247025	137.814758	0.0555592977	0.854879057	0.830541579
-48.4280206	137.610055	0.0605969403	0.671082126	0.799853406
-56.7259602	115.929585	0.0866126021	0.634389032	0.831287307
-54.7292614	115.938971	0.0770295408	0.392117657	0.890706703
-51.8636126	130.561706	0.0758949966	0.82783618	0.765815904
-50.7710875	130.151103	0.0590870825	0.883551198	0.802670105
-52.2075308	123.821387	0.1054008	0.782911664	0.787009009
-50.3994572	123.226551	0.061950938	0.934152855	0.77724736
66.2586774	186.487219	0.0542463639	0.777144265	1.0
66.0225923	186.46952	0.0507550841	0.331874835	1.0
-61.1582252	117.812584	0.142201466	0.533666416	0.747068
-63.6841429	117.826556	0.0837965761	0.930273213	0.755505199
