# Loss = 0.006172917963480841

# tsi		tv1m		tv2m		tvp		twm		twp		td		to		tr		xk		uc		uv		ucsi
94.473	5.2669	1259.5	6.892	25.669	852.66	0.12322	45.264	78.459	9.4703	0.14107	0.036964	0.76696

# t0		TI		IA		v0		w0
-211.55071	546.864342	0.0912033657	0.679223309	0.999941031
-212.511783	548.824742	0.147509319	0.43343713	1.0
-97.0131691	490.647159	0.134889661	0.31899971	0.468089828
-96.5047875	492.206019	0.204296909	0.493099986	0.811920387
-148.083584	440.85789	0.128941627	0.102584156	1.0
-150.30258	442.519546	0.25	0.225209819	0.999999569
-147.526975	359.600458	0.0703252362	0.573727689	0.999992689
-146.375513	360.642323	0.249969563	0.21987219	0.999999208
-130.705617	339.64752	0.0595057403	0.363108554	0.999999999
-129.149777	338.638346	0.153858105	0.61663303	1.0
-126.390112	320.567754	0.0460203742	0.835042113	0.893300237
-125.929444	320.573161	0.093196279	0.978605486	1.0
-118.467066	314.625303	0.0628297021	0.320716853	0.996459191
-118.755395	315.235269	0.0620841868	0.796524532	1.0
209.665132	291.585193	0.0741062154	0.02982	0.520356176
-80.6199276	290.530824	0.0668543029	0.0873852232	0.99999989
-100.936574	279.489064	0.0752270376	0.181632504	0.856877794
-101.24842	278.574843	0.0373523656	0.445147132	0.999975725
-103.716552	276.608569	0.0421753365	0.52620816	0.763952132
-104.084804	278.507205	0.0880137874	0.665642802	1.0
-116.255045	266.992174	0.0427489679	0.949821636	0.868049416
-115.566354	267.253497	0.0701732805	0.652095978	0.999976816
-89.036918	262.497643	0.0707398379	0.308345669	0.662865136
-88.9497833	262.448962	0.0713489463	0.97001532	0.99989125
-97.329919	253.130902	0.0548863084	0.58657714	0.718946691
-98.2021157	253.465565	0.061275055	0.653628991	0.978873764
-110.487049	237.0941	0.0209209614	0.635622731	0.981410492
-108.207398	238.443038	0.0282420681	0.999856695	0.952885417
-100.998113	232.19098	0.02273724	0.594782843	0.806250812
-102.553516	234.206448	0.0499180378	0.65958301	0.970258902
-97.6395207	223.876598	0.025149277	0.944575766	0.806286692
-97.1980031	224.999539	0.0382971982	0.988886587	0.893386982
-83.6159877	221.373574	0.0273234505	0.595113236	0.668228119
-82.274503	221.364945	0.0335455549	0.732115984	0.709139763
-84.0327852	209.052374	0.0341642103	0.382046823	0.57345369
-83.0435028	209.4153	0.0893767692	0.203306287	0.868760378
-79.8626747	205.255933	0.0457514918	1.97455038e-9	0.734767307
-81.6228869	206.16006	0.0859813021	0.66429982	0.676252348
-87.4513736	194.583532	0.0809362085	0.978177042	0.655372328
-87.4338124	194.487302	0.117538595	0.0139657767	0.999910045
-74.4944703	184.505144	0.116936408	0.484382888	0.554581276
-74.6952606	183.959942	0.125343207	0.431047849	0.881270902
-79.9925417	172.360464	0.12765611	0.0165753778	0.938871715
-83.8077497	173.202382	0.133991905	0.520157559	0.945231832
-55.346771	161.559355	0.139608595	0.00259749515	0.0686189298
-55.0270969	161.398447	0.144449823	0.727797437	0.562593827
-68.0842234	159.429128	0.14349285	0.618735286	0.514253345
-68.3307863	159.600626	0.14817296	0.930956999	0.747533758
-71.6813098	144.607446	0.160105182	0.00339834575	0.999881058
-72.855231	144.988709	0.163181536	0.0504329059	0.893056981
-49.8629972	138.427627	0.17204182	0.423497315	0.000322485905
-48.0446165	138.273018	0.16900171	4.53324761e-6	0.5211611
-57.2928798	116.620161	0.199067339	0.000289548051	0.999797765
-52.6111541	116.234447	0.200795558	0.00931680023	0.799840604
-51.4626916	131.025758	0.173311221	0.0168429463	0.849608405
-51.8588198	131.299115	0.18081065	0.000444715218	0.00028411495
-52.330232	124.257835	0.186418267	0.0112093144	0.930629682
-50.238007	124.280351	0.182804442	1.96509732e-6	0.538933814
64.6723314	187.418133	0.135373605	0.963800021	0.225807741
64.9813838	187.055535	0.146289866	0.747501744	0.635144725
-62.774686	118.389864	0.197744846	0.0139251879	0.999999998
-63.2821558	118.198688	0.199760019	0.0359333919	0.794550197
