# Loss = 0.005322368642041166

# tsi		tv1m		tv2m		tvp		twm		twp		td		to		tr		xk		uc		uv		ucsi
40.987	95.998	1261.7	6.6699	17.316	879.31	0.22676	148.31	38.399	9.942	0.13497	0.038329	0.56949

# t0		TI		IA		v0		w0
-215.017859	544.285126	0.0362815394	4.70300209e-17	1.0
-213.272685	546.537101	0.0721771144	0.641722836	1.0
-98.554171	486.661058	0.0324506253	0.463253339	0.772135415
-96.8729069	488.583302	0.0821208187	0.00883966062	0.996401115
-152.610998	436.989841	0.0189276266	0.986901857	1.0
-150.716847	439.787959	0.0734529429	8.849991209999999e-17	1.0
-149.894326	357.669472	0.049866921	0.0604481746	1.0
-150.550159	357.780805	0.0692744738	0.0517390117	1.0
-130.521026	336.914215	0.0587641357	1.5338124399999998e-18	0.866745852
-130.460902	336.516722	0.0750428095	0.898703638	1.0
-128.641287	320.405967	0.0657109992	0.0811031644	0.98587559
-126.846614	319.387427	0.0794331947	2.05553455e-16	0.95798007
-118.510028	313.571414	0.0672773301	0.543390918	0.858114306
-119.261595	313.573324	0.0802665956	8.583763709999999e-17	0.941006888
208.423429	289.817329	0.079485123	0.432632614	0.265706273
-82.3024572	289.658413	0.085810482	0.0906572125	0.934008598
-101.258976	278.528063	0.0822321742	0.0	0.745060817
-100.880295	278.037834	0.0917097742	0.374830684	0.95180377
-103.105152	276.657283	0.0809720275	0.0	0.745125048
-104.250047	276.778069	0.091635007	0.389311543	0.94544554
-114.738448	266.244933	0.0858000705	0.585864033	0.920733853
-115.579657	266.203479	0.0945239005	0.398067418	0.970347978
-90.229727	261.91388	0.0871107923	2.76819511e-16	0.665386527
-91.327769	261.982648	0.0955083534	0.0	0.82934814
-97.7281716	252.92275	0.0906110922	0.0	0.806377017
-98.3592191	252.724012	0.0991007844	0.353766733	0.935837901
-108.532774	239.06935	0.0968212311	0.0873641508	0.9886701
-106.562286	238.216867	0.103875091	0.0963760314	0.97641739
-101.53173	234.019315	0.0985101642	0.0765069962	0.969190979
-101.568887	233.790731	0.105670809	0.0174664634	0.983641824
-95.3989532	225.008928	0.102416409	0.0121521756	0.956463297
-99.1099769	225.94434	0.109375419	0.0174158141	1.0
-82.4907768	222.311077	0.10435094	0.0	0.760860533
-84.0793409	222.611668	0.109240001	0.0	0.866247156
-84.3721235	209.906975	0.108494045	2.7611192799999998e-17	0.866880086
-85.6605865	210.067856	0.115695367	8.27035428e-18	0.947580517
-80.8112318	205.985925	0.111195923	0.0	0.89201164
-81.6575883	205.983761	0.116558028	5.60930622e-17	0.813973522
-85.8704368	194.227162	0.116289411	0.0893653618	0.933811651
-86.8866459	194.161585	0.124699992	0.0717321785	0.904933124
-76.0227447	184.774322	0.125061714	1.75860022e-17	0.907663761
-78.7571226	184.824864	0.129978413	0.00348398954	1.0
-81.9240692	172.682696	0.130604569	0.0267154235	0.961014667
-82.0632667	172.567779	0.13619943	0.904896027	0.961319626
-55.1082429	161.32418	0.138953057	0.0	0.651887249
-55.3507556	161.308798	0.143122512	0.0	0.813049305
-68.8796351	159.45901	0.141673654	0.0978700186	0.889819784
-69.3551639	159.531681	0.146350433	0.0418780399	0.962456616
-73.5765001	144.836492	0.155750221	0.660511122	0.826945438
-72.1816004	144.682578	0.158776603	0.850050659	0.779153432
-51.1542748	138.522466	0.162240123	0.0	0.731716042
-48.7103127	138.274959	0.162769296	0.0518606621	0.731455857
-57.5238141	116.514918	0.19021519	0.0162931194	0.933998267
-56.2045389	116.680923	0.189115161	0.0327773371	0.906486333
-52.3768642	131.059233	0.16609815	0.0872723255	0.706421151
-51.1442799	131.039854	0.168531774	0.0	0.76686252
-51.750233	123.964837	0.178650185	0.0853567657	0.728140911
-50.2527812	124.100637	0.173755887	0.0870853995	0.713036951
64.5770584	187.265905	0.137352144	0.800977278	0.549739288
70.1124478	185.511341	0.14720657	0.927060384	0.209479836
-64.5617272	118.519807	0.190458438	0.0963851411	0.731163731
-67.2054207	118.714917	0.192167101	0.033365737	0.895933353
