# Loss = 0.015401919344463971

# tsi		tv1m		tv2m		tvp		twm		twp		td		to		tr		xk		uc		uv		ucsi
38.342	22.335	1249.4	5.7704	16.149	848.67	0.37652	17.441	33.202	10.48	0.13858	0.040917	0.2183

# t0		TI		IA		v0		w0
-217.479356	543.025113	0.0480844223	0.364962672	0.935906694
-219.464874	543.040138	0.073366068	0.27718177	0.997679101
-101.18703	486.42756	0.0437849907	0.633615497	0.562042003
-103.167285	486.448155	0.0918336743	0.10551119	0.439918654
-153.214905	438.46227	0.0234216191	0.69960454	0.525807601
-155.203965	438.475851	0.0294797756	0.419997891	0.582359327
-150.603032	357.302842	0.027245461	0.335415351	0.497501315
-152.579092	357.357733	0.0925623177	0.530793176	1.0
-132.784469	337.618244	0.0232861507	0.649829387	0.714610509
-134.738422	337.685832	0.105368981	0.570831831	0.925852101
-128.022172	320.135149	0.0269533681	0.31974899	0.312803462
-130.0304	320.141983	0.0357324423	0.454206926	0.998085372
-119.516253	315.041901	0.0524476462	0.17446319	0.476994175
-121.493987	315.08507	0.0643937141	0.610185394	0.833191044
207.294888	289.435361	0.0315266619	0.493064899	0.0319091831
-82.6962677	289.453416	0.0356867988	0.163355323	0.282779545
-101.339917	278.702181	0.038452593	0.0699144475	0.237765986
-103.332506	278.711815	0.0272050426	1.0	0.213208625
-104.657462	277.330623	0.0343657143	0.536663514	0.178693452
-106.622945	277.393323	0.0351934304	0.0392575154	0.277454667
-117.393222	266.911814	0.0601428725	0.336174806	0.996079724
-117.398125	266.90161	0.076261093	0.296925749	1.0
-90.7429831	261.496901	0.0303334333	0.466127472	0.896087804
-90.7307467	261.522229	0.0401433234	0.375473662	0.969450902
-98.5298791	253.088776	0.030349332	0.93821581	0.81151567
-98.5263592	253.095127	0.0406961422	0.304903958	0.918239174
-107.395279	238.82365	0.0446180485	0.537661124	0.953995864
-109.35556	238.88068	0.0392315755	0.601976886	1.0
-100.821915	233.647925	0.0402238991	0.587813112	0.980356387
-100.80322	233.681565	0.0633354196	0.193225509	0.993601193
-96.6433865	225.290082	0.0339517913	0.944525169	0.539778864
-96.6426739	225.337676	0.0586860731	0.236547933	0.998693268
-82.9492678	221.906823	0.042370546	0.693317327	0.861371485
-82.938954	221.914961	0.041097397	0.0999504451	0.767163189
-82.758535	209.487778	0.0429337498	0.42531218	0.396221342
-84.7347567	209.552887	0.0520490809	0.210831339	0.842215272
-78.8781252	205.695453	0.0612355655	0.619435942	0.699096964
-80.8718147	205.729929	0.0565743849	0.0302011442	0.879023375
-85.1361582	194.187863	0.0596045608	0.414893924	0.992057849
-87.0735272	194.282118	0.0755746891	0.445743956	0.775276747
-72.0133769	184.032955	0.129366506	0.741416033	0.627445465
-75.9868506	184.086271	0.147410607	0.820149088	0.399812628
-80.2522595	172.47964	0.12932685	0.102794627	0.949429932
-82.2483666	172.540168	0.157423323	0.798536832	0.996484961
-54.5352383	161.110333	0.161389085	0.606377043	0.818632625
-54.5304583	161.115821	0.168142369	1.0	0.761056644
-67.6059639	159.280339	0.176098736	0.333153602	0.422448836
-69.5773033	159.37838	0.179193309	0.219426264	0.68027635
-70.136162	144.230168	0.177785746	0.800167112	0.899373407
-68.1217196	144.197049	0.192615223	0.116561718	0.542044504
-49.1084551	138.217355	0.186977703	0.933440743	0.681718683
-45.1490445	138.052131	0.185190681	0.90121877	0.480636442
-53.9352489	115.939232	0.224048029	0.0131454615	0.800681251
-51.9302334	115.97192	0.229805914	0.493821662	0.707144799
-50.862342	130.084076	0.189211753	0.540207358	0.556449428
-48.8489544	130.087602	0.195859832	0.553247685	0.351436274
-51.8371262	123.864651	0.21106336	0.527143604	0.750147124
-49.828372	123.861274	0.195659634	0.558405375	0.410481781
64.3503946	187.333585	0.126706367	0.0182582993	0.273626158
62.3723685	187.368253	0.148343293	0.488960818	0.798923743
-58.7677628	117.591382	0.226116841	0.897991165	0.72110055
-58.7880445	117.508391	0.215897266	0.777846348	0.713138916
