# Loss = 0.003756777541986964

# tsi		tv1m		tv2m		tvp		twm		twp		td		to		tr		xk		uc		uv		ucsi
87.217	47.545	1295.1	9.6418	59.749	869.21	0.2181	56.88	77.18	10.558	0.13784	0.018229	0.75205

# t0		TI		IA		v0		w0
-215.887478	542.789755	0.0234161784	0.201092536	1.0
-212.228158	546.81284	0.134184459	0.777049324	1.0
-100.062026	486.216445	0.0235820601	0.309508583	0.822103801
-97.0311703	488.67474	0.0749394581	0.998251889	1.0
-154.370228	439.187124	0.0247109437	0.227975804	1.0
-152.898753	437.68783	0.024221432	1.0	1.0
-154.061613	353.10589	0.0161390194	0.470759856	0.919644811
-153.246969	357.544464	0.0263756679	0.336778942	1.0
-135.789986	335.600257	0.0185799227	0.271780129	0.887670489
-134.07885	337.59984	0.0367698575	0.279118989	1.0
-134.067543	319.384852	0.0203182241	0.245311045	0.948955552
-131.246227	320.594078	0.0443455259	0.173115594	1.0
-125.434555	312.925105	0.0217041004	0.0919850142	0.944782285
-123.476019	314.374359	0.0437500442	0.124922486	1.0
207.407075	290.073708	0.0642053113	0.274151508	1.79458299e-16
-82.7194303	289.512059	0.0614829221	0.0	0.880649633
-104.715961	279.191991	0.0536995174	0.0	0.969498131
-105.13126	279.480132	0.0751543171	0.0	0.993242726
-106.406549	277.224095	0.0501997361	0.0	0.816415909
-107.434483	277.752314	0.0741535518	0.0	0.942466379
-119.751901	267.643654	0.0630118196	0.10024485	1.0
-120.430622	267.861651	0.0797854008	0.0479422557	1.0
-91.937117	262.205453	0.0666446745	1.68164965e-16	0.795018183
-93.851269	262.725898	0.0832804062	0.0506109974	1.0
-100.024922	253.469725	0.0736457019	0.022895014	1.0
-101.394215	253.841628	0.0879480345	0.0211674924	1.0
-109.184305	239.184297	0.0848426769	0.0685244467	1.0
-110.426615	239.379831	0.0958864292	0.0597335664	1.0
-102.367042	234.200217	0.0878822146	0.064100423	0.999762628
-103.543819	234.375045	0.0981628782	0.0446964227	1.0
-97.8512737	225.726755	0.0932211463	0.053368627	1.0
-99.3562129	226.01468	0.103062742	0.0406506924	1.0
-84.2842732	222.817758	0.0969306281	0.0109218669	0.997521962
-85.0505751	222.881963	0.10384655	1.14389699e-16	0.91550151
-85.5881672	210.279486	0.102484512	0.000937939295	1.0
-86.9292414	210.498362	0.112516164	0.0165540512	1.0
-82.6130565	206.546176	0.106189464	0.0397331417	0.985515346
-81.8320883	206.132336	0.115426726	7.39379374e-18	0.739304246
-87.7232288	194.736413	0.11325612	0.0416190681	1.0
-88.0696787	194.556956	0.124276999	0.0284349817	1.0
-75.1666812	184.631413	0.126336707	0.0	0.837431215
-78.1498947	184.756006	0.130859061	0.0239989001	0.975171409
-81.1479669	172.6083	0.133385047	0.00595295586	0.914112189
-83.1385553	172.989315	0.138913024	0.0	0.947892985
-54.9183318	161.386637	0.145084639	0.0	0.745864696
-54.2347206	161.206835	0.150025292	0.0	0.740646467
-68.8369671	159.579778	0.148082378	0.0424174866	0.864003061
-69.2406812	159.65493	0.151483814	0.0334356385	0.97235349
-72.9875977	144.882155	0.165369211	0.046495498	0.861631272
-73.1354667	145.065034	0.167022768	0.0553969087	0.957214684
-49.4170991	138.348895	0.175174102	0.00924505705	0.708529801
-48.9166847	138.447384	0.172992886	0.0129716633	0.91914109
-57.5891069	116.665165	0.204839306	0.0101446095	0.879683093
-54.04702	116.490976	0.20723579	2.2774445999999998e-18	0.742158524
-51.6707016	131.052534	0.178155547	0.0150174626	0.869164264
-50.7868947	131.125156	0.184325762	0.0	0.629698883
-51.9096171	124.180442	0.191470467	0.00780189562	0.883207244
-50.5771519	124.338707	0.18664507	0.0206480024	0.904528922
64.3719709	187.52132	0.1446933	1.0	0.810354235
64.9252873	187.106321	0.155789953	1.0	1.0
-64.9118183	118.751853	0.200162142	0.0158785313	1.0
-66.5467211	118.733968	0.203559183	0.0212462586	0.885731729
