# Loss = 0.017449005342343796

# tsi		tv1m		tv2m		tvp		twm		twp		td		to		tr		xk		uc		uv		ucsi
68.834	19.841	1477.3	6.4201	48.621	899.66	0.18901	16.444	56.954	10.387	0.13597	0.039459	0.61385

# t0		TI		IA		v0		w0
-217.490331	543.012245	0.0278334941	0.867733707	0.699990904
-219.490525	543.012459	0.120882512	0.761463208	0.917653801
-101.199798	486.414602	0.0220222711	0.217202887	0.886611815
-103.190133	486.422264	0.164389106	0.748338687	0.0780629743
-153.216571	438.460417	0.0227123042	0.241993814	0.87294099
-155.211441	438.466785	0.193212057	0.605643952	0.122432677
-150.626393	357.285253	0.0223109388	0.174225372	0.295154727
-152.623792	357.290589	0.200275631	0.0610829416	0.822187141
-132.790144	337.614544	0.0240147527	0.752908969	0.861444271
-134.785052	337.622349	0.0240702313	0.0953984572	0.502772785
-128.043994	320.120274	0.0302105416	0.545339482	0.844941238
-130.044928	320.115158	0.0264338142	0.509948171	0.932325377
-119.52097	315.047676	0.0464127579	0.335789032	0.90076832
-121.512639	315.066123	0.0306530586	0.681433945	0.399177031
207.293438	289.432019	0.0287133649	0.664137978	0.515666875
-82.7069637	289.433467	0.0318018827	0.23173163	0.96077191
-101.344898	278.700431	0.0322112404	0.176780096	0.269433189
-103.342868	278.70611	0.0334409025	0.738629592	0.773992375
-104.661529	277.338311	0.0326502425	0.921959188	0.382808242
-106.658075	277.344479	0.0281488866	0.0731748383	0.082726524
-117.415838	266.859581	0.0283294334	0.843765622	0.36042992
-117.413968	266.860932	0.0323991547	0.596094611	0.526448708
-90.7371695	261.498773	0.0280580367	0.631894991	0.322252101
-90.7359987	261.500911	0.0355665713	0.35887729	0.257498908
-98.5289707	253.094987	0.0315999239	0.393547134	0.300091074
-98.53263	253.085863	0.039183898	0.995049462	0.12798964
-107.398126	238.830461	0.060587988	0.238433625	0.898354587
-109.395195	238.823464	0.0306911846	0.71430508	0.223842088
-100.816595	233.650555	0.0368794685	0.911468894	0.731981049
-100.812019	233.660293	0.0401132919	0.186423924	0.134797896
-96.6466251	225.321747	0.0347132044	0.30806894	0.336272758
-96.6456489	225.323497	0.0387917216	0.707528148	0.42544154
-82.9394746	221.91658	0.0346922172	0.489244001	0.609311415
-82.944435	221.902473	0.0364101699	0.64835952	0.297316558
-82.75636	209.528187	0.0428267162	0.175750146	0.160397978
-84.753581	209.535889	0.0348270471	0.284574718	0.273864102
-78.8655785	205.735627	0.0734360753	0.856981754	0.690351174
-80.8624495	205.745781	0.0494383327	0.876700259	0.87634904
-85.1140541	194.241423	0.218851899	0.000261978359	0.332074685
-87.1097661	194.256573	0.0385412789	0.835924031	0.62988341
-72.0207975	184.041678	0.0826569256	0.882792996	0.531275285
-76.0164051	184.050815	0.0409621862	0.683982839	0.477396351
-80.2552339	172.514275	0.115309479	0.424530836	0.675452625
-82.252679	172.526107	0.0545377044	0.488925676	0.768620894
-54.5469827	161.083842	0.0462227403	0.00838271149	0.849430558
-54.541723	161.090318	0.0714103646	0.116868421	0.634251506
-67.6351058	159.261894	0.0790926079	0.651825858	0.572586038
-69.6315579	159.287408	0.0550890548	0.89998361	0.870347314
-70.1283899	144.244446	0.165933704	0.583795539	0.245738392
-68.129502	144.235254	0.173296456	0.553017743	0.64322221
-49.1115183	138.219464	0.200913441	0.535921042	0.77470866
-45.1225537	138.174326	0.203064681	0.751815213	0.740268326
-53.9407847	115.892743	0.233428045	0.373317901	0.679907372
-51.9394353	115.900296	0.240574319	0.509960167	0.331643298
-50.8979855	129.884216	0.202097205	0.777336502	0.59272844
-48.8993614	129.880655	0.222689677	0.652920544	0.761028633
-51.8673978	123.77472	0.217465462	0.96756486	0.202363486
-49.866806	123.766795	0.231337141	0.0566931055	0.171864415
64.3478625	187.327172	0.0394356343	0.219267295	0.929165129
62.3515336	187.333056	0.0324658384	0.324069725	0.474403784
-58.7638262	117.540384	0.229791089	0.0579859474	0.399251467
-58.7723035	117.508341	0.238596074	0.297265477	0.470889258
