# Loss = 0.00617525298832962

# tsi		tv1m		tv2m		tvp		twm		twp		td		to		tr		xk		uc		uv		ucsi
49.762	24.411	1249.9	5.538	53.94	869.96	0.30246	6.3466	43.755	10.248	0.13666	0.035597	0.53996

# t0		TI		IA		v0		w0
-210.991896	541.65848	0.0577105347	1.0	1.0
-213.265617	543.362447	0.08174552	1.0	1.0
-94.6409542	485.364187	0.0665961456	0.999990728	1.0
-98.1161327	488.785356	0.0937913445	1.8848228e-5	1.0
-148.350057	439.05623	0.0695572982	4.51834093e-29	1.0
-150.037589	439.802758	0.107642329	4.51834093e-29	1.0
-149.423108	358.683719	0.0649761214	7.229345489999999e-28	1.0
-148.467182	359.505727	0.148632607	0.999990855	1.0
-131.934855	338.64186	0.0623153035	3.11549723e-10	1.0
-130.805367	339.544647	0.160081497	0.789005607	1.0
-133.497204	320.086522	0.0327715896	0.946759548	1.0
-126.382991	321.328097	0.165203188	0.765988491	1.0
-126.309645	314.457494	0.0329992523	0.999747829	1.0
-117.356712	314.672365	0.152373256	0.57658509	1.0
201.200947	289.881079	0.0339680627	0.996532685	0.999977706
-80.0290356	290.520273	0.130552314	0.0	1.0
-108.668761	279.218983	0.0345202398	0.530422227	1.0
-99.9453511	279.273671	0.164376093	1.0	1.0
-111.936723	277.568633	0.0345507292	0.509363848	1.0
-103.941981	278.457992	0.145541298	0.999999926	1.0
-123.224447	267.165062	0.0351071625	0.674177482	1.0
-118.66574	268.519616	0.0925358802	2.8917382000000002e-27	1.0
-98.0701146	262.404637	0.0353515655	0.305178216	1.0
-89.6687461	262.631608	0.106203555	1.18864606e-7	1.0
-105.645322	253.335295	0.0358759275	0.478085172	1.0
-103.352408	253.714119	0.0371473437	1.0	1.0
-114.393263	238.661708	0.0368128564	0.581977303	0.999995745
-112.710846	238.844113	0.0370929901	0.759761948	1.0
-107.650027	233.618804	0.0371635846	0.600403402	1.0
-106.79792	233.924371	0.0373179356	0.79549029	1.0
-103.722911	225.295267	0.037781714	0.57454784	1.0
-103.167911	225.697375	0.0378939861	0.741646507	1.0
-90.4252911	222.48249	0.0380027059	0.468787756	0.994990771
-90.0164877	222.699011	0.0380448576	0.617892247	1.0
-92.0428161	209.844751	0.0390634185	0.538599427	0.994125677
-91.4736568	210.340114	0.0391545584	0.690917655	1.0
-88.8671049	206.084125	0.0394075495	0.511823765	0.995754185
-89.0353942	206.489045	0.0394130591	0.596942859	0.973480356
-94.5685912	194.277603	0.0405754985	0.535261159	0.997557439
-92.727139	194.253744	0.0406803305	0.574643829	0.970389061
-82.0197752	184.453829	0.04168866	0.621977967	0.968650897
-83.9474519	184.569889	0.0417220301	0.678066361	1.0
-90.2557127	172.831946	0.0431725976	0.318409086	0.989948276
-89.4325618	172.834426	0.0432469414	0.32087631	1.0
-62.7437333	161.452324	0.0449376683	0.473850415	0.917256925
-61.7770468	161.423469	0.0451296419	0.39341721	0.96387204
-73.9654998	159.124548	0.0453813637	0.81859361	0.901930104
-75.2066675	159.584005	0.0455420895	0.581784445	0.966319573
-78.3730436	144.612766	0.048779033	0.283027237	0.894800469
-77.5125634	144.850646	0.0504891525	0.298896605	0.904776668
-55.6607622	138.333714	0.0514673305	0.338676348	0.880749431
-53.5669479	138.218003	0.0516340975	0.410219263	0.864635824
-59.6627417	116.550325	0.104395472	1.0	0.601021489
-57.3672193	116.397631	0.0804482669	0.577591204	0.785247799
-53.2512247	130.683941	0.0681623902	0.999998192	0.672702609
-55.0383242	130.817684	0.0548060259	0.479544233	0.808093315
-52.4019614	123.776188	0.0980032709	1.0	0.668490951
-53.5602287	123.831617	0.0593575784	0.787462571	0.749484225
62.5538391	186.888462	0.0427338151	0.996784522	1.0
68.3632179	185.398776	0.0451156729	0.999302398	1.0
-63.8540474	118.381727	0.18435333	0.131481057	0.76911155
-66.5719251	118.623904	0.170432264	0.632339708	0.76523497
