# Loss = 0.009721012926436196

# tsi		tv1m		tv2m		tvp		twm		twp		td		to		tr		xk		uc		uv		ucsi
50.802	59.371	1270.1	8.2764	13.796	871.84	0.25653	79.37	46.983	10.42	0.14276	0.026214	0.63586

# t0		TI		IA		v0		w0
-217.49811	543.005612	0.0190466015	0.314275332	0.073412373
-219.49216	543.011043	0.0803790535	0.729549446	0.74220767
-101.201541	486.412562	0.0205790158	0.222632875	0.315308239
-103.195904	486.418382	0.0223605541	0.236717145	0.985671111
-153.21975	438.457445	0.0238063687	0.81298696	0.797169041
-155.215832	438.463198	0.018450989	0.0801451859	0.473072725
-150.629171	357.280099	0.0411580351	0.0982404031	0.476222267
-152.623266	357.286943	0.0292937736	0.249751892	0.25968207
-132.799108	337.600347	0.0351542873	0.625456007	0.575193609
-134.795439	337.60554	0.051637095	0.60259488	0.801339116
-128.049357	320.106037	0.0449146902	0.246530135	0.344273089
-130.047401	320.10509	0.0253286617	0.615279336	0.481550608
-119.525888	315.03898	0.0441685576	0.886178984	0.0118850481
-121.525105	315.041821	0.0783980929	0.0810877866	0.780698039
207.289621	289.426574	0.0789496135	0.238111714	0.085844159
-82.7103882	289.426188	0.0698469847	0.392939385	0.129294599
-101.349936	278.694462	0.0698848416	0.699318994	0.224885838
-103.348105	278.698705	0.0882397393	0.215538697	0.987073435
-104.667648	277.329945	0.0696955287	0.940671554	0.363696553
-106.662708	277.335859	0.0794075831	0.477627922	0.330266212
-117.417639	266.851016	0.0814519514	0.659107711	0.256961493
-117.418749	266.850285	0.0903759591	0.231446798	0.492736873
-90.7422503	261.490742	0.0799459989	0.0136665603	0.188317955
-90.7409222	261.489968	0.0908270385	0.787228387	0.0229472042
-98.5400389	253.07636	0.0864467963	0.132015819	0.839342056
-98.5389514	253.075411	0.0943542904	0.787133629	0.725036853
-107.401226	238.809045	0.0900991531	0.527683348	0.700423197
-109.397229	238.81586	0.100101056	0.414732577	0.369958597
-100.820703	233.644406	0.0945952804	0.600719252	0.809960783
-100.82033	233.641797	0.100888596	0.626571405	0.734790963
-96.6492345	225.311739	0.0969413876	0.391848848	0.384324642
-96.6558365	225.306428	0.105694419	0.176268857	0.89521657
-82.9451261	221.90427	0.101442568	0.302160647	0.441098537
-82.9486677	221.90028	0.107824295	0.784616517	0.834229158
-82.759961	209.521608	0.10442844	0.267766201	0.424492556
-84.7571221	209.527534	0.112385338	0.501055971	0.535651731
-78.8698187	205.728491	0.108218553	0.751798454	0.374324278
-80.8657923	205.735064	0.113181285	0.460391612	0.360012191
-85.1150578	194.233649	0.112018558	0.508359169	0.130538044
-87.1133581	194.238178	0.120606921	0.219130553	0.400802604
-72.0237954	184.031488	0.122822909	0.663539879	0.594822403
-76.0152631	184.043025	0.126085764	0.656421466	0.100632158
-80.2577623	172.50591	0.128941133	0.444087026	0.909402023
-82.2574482	172.510737	0.13335464	0.798045868	0.0849120753
-54.5473093	161.088074	0.143464799	0.477451585	0.6574323
-54.5457415	161.087608	0.14549485	0.0462556503	0.767604384
-67.6312378	159.267353	0.137417755	0.289501508	0.53932727
-69.6321848	159.28047	0.144114605	0.306845481	0.833000285
-70.1300725	144.243438	0.151577874	0.1696644	0.756936186
-68.129353	144.232251	0.154375494	0.719059569	0.649304015
-49.1149005	138.21051	0.165223873	0.626775811	0.41868679
-45.1261784	138.176058	0.167399416	0.502808172	0.482258838
-53.9427768	115.88695	0.188185654	0.633270134	0.582666334
-51.9433075	115.895864	0.183976644	0.762835671	0.234781016
-50.9018625	129.866704	0.171274402	0.924951246	0.0346593336
-48.9094526	129.864039	0.175650643	0.395094082	0.45813311
-51.8690881	123.764825	0.178417885	0.276150874	0.347422495
-49.8789353	123.762927	0.176964241	0.282471563	0.423861357
64.3416326	187.314777	0.13509657	0.441815005	0.404054182
62.3457202	187.320735	0.143477179	0.049461605	0.147107034
-58.7636047	117.538907	0.185399306	0.202315889	0.346917669
-58.7717523	117.513934	0.181086351	0.548673496	0.392931835
