# Loss = 0.008477320244717815

# tsi		tv1m		tv2m		tvp		twm		twp		td		to		tr		xk		uc		uv		ucsi
124.09	61.703	1283.4	11.186	94.103	882.63	0.23571	226.49	97.713	9.7682	0.13056	0.022269	0.74855

# t0		TI		IA		v0		w0
-217.493211	543.003053	0.0172997909	0.588820113	0.440009982
-219.48214	543.017038	0.017550735	0.611858924	0.85099223
-101.202195	486.407837	0.0205823493	0.137053747	0.290961521
-103.187755	486.423668	0.019847018	0.485463339	0.66492454
-153.213931	438.450305	0.0214460214	0.643771583	0.339750811
-155.199771	438.476999	0.0316657473	0.167077003	1.0
-150.626438	357.285205	0.0380180566	0.21996805	0.864144604
-152.591888	357.3303	0.0520240763	0.459513361	0.909528944
-132.78894	337.610407	0.0414972431	0.259229303	0.68405675
-134.761846	337.652887	0.064352264	0.693542562	0.972161693
-128.047229	320.103563	0.0464943938	0.60166031	0.498048215
-130.024009	320.158776	0.0712467507	0.886424773	0.865384155
-119.550027	314.985972	0.0505394424	0.558659535	0.531736099
-121.533022	315.019065	0.0679282292	0.061024024	0.959826697
207.290289	289.446311	0.07023487	0.527435969	0.725850125
-82.6906128	289.466619	0.072307791	0.319179603	0.686451688
-101.348307	278.696481	0.0682632109	0.63791965	0.477253345
-103.315736	278.751891	0.0835452189	0.865486345	0.545539093
-104.66074	277.336742	0.0652449799	0.758802221	0.12770474
-106.627137	277.390156	0.0798300602	0.338722719	0.331486106
-117.390896	266.890858	0.071087471	0.645037071	0.263403368
-117.39988	266.882925	0.0850079171	0.712206972	0.689006638
-90.721938	261.53456	0.0761879431	0.691705085	0.377276134
-90.7149291	261.536546	0.0862630756	0.478399582	0.38788123
-98.5325842	253.092156	0.0766555021	0.00606952151	0.669376371
-98.5351058	253.083388	0.090966798	0.23021345	0.772798788
-107.392667	238.828551	0.0856220038	0.565791412	0.421996679
-109.363447	238.892254	0.0983535904	0.601261704	0.714927907
-100.797617	233.693647	0.0915115625	0.602208835	0.445216678
-100.810038	233.673201	0.101928098	0.531715726	0.602701758
-96.6243105	225.364174	0.0984546656	0.800825863	0.36158295
-96.6441292	225.337689	0.108073131	0.670975119	0.563821922
-82.918291	221.997467	0.0973034016	0.136574535	0.478108951
-82.9091835	221.990588	0.109467023	0.824294641	0.472904262
-82.7606461	209.538456	0.107321144	0.615624322	0.15304266
-84.7368368	209.602868	0.115599672	0.225218336	0.669328159
-78.8845681	205.712832	0.104010206	0.124064111	0.331372838
-80.8565649	205.780332	0.117206418	9.56177089e-5	0.491042134
-85.1121494	194.251449	0.118735618	0.563221178	0.142860378
-87.0915037	194.316235	0.134540667	0.611838249	0.322671661
-72.0336045	184.034628	0.130472587	0.130271635	0.338336214
-75.9924681	184.134425	0.137954451	0.399760331	0.421947783
-80.2490265	172.517613	0.136530843	0.0841894801	0.522417796
-82.2206061	172.619792	0.148904855	0.741687625	0.243444395
-54.5275687	161.203573	0.151373957	0.289734772	0.177221691
-54.5266892	161.188665	0.154681035	0.230744549	0.381139841
-67.6267004	159.340305	0.159550113	0.621509507	0.0217588746
-69.5657165	159.504792	0.161642017	0.463943079	0.210210855
-70.1085559	144.310638	0.180515584	0.729591227	2.6125311299999997e-17
-68.1325047	144.216751	0.184487103	0.6891095	0.0253483721
-49.1021161	138.304361	0.1909465	0.818056581	0.168177375
-45.1671295	138.017167	0.185960311	0.221242889	4.82651782e-5
-53.9051954	116.102714	0.220420853	0.418152598	0.0318911452
-51.8949538	116.159472	0.213132502	0.346652733	0.358767011
-50.8084477	130.37533	0.180117394	0.0231417494	0.429238316
-48.8054926	130.377464	0.199182909	0.55374913	0.0861773885
-51.8309686	124.046978	0.194985607	0.679862483	0.386019718
-49.8176621	124.021359	0.195822759	0.0633315311	0.119888156
64.3685032	187.372067	0.143763473	0.440377183	0.326794512
62.414226	187.434637	0.155892247	0.996731791	0.677550275
-58.7591489	117.72559	0.225416325	0.0491827339	0.230185509
-58.7858375	117.56359	0.217698674	0.11199323	0.00718662237
