# Loss = 0.004916992021984314

# tsi		tv1m		tv2m		tvp		twm		twp		td		to		tr		xk		uc		uv		ucsi
14.32938853	14.59330029	1249.027192	15.0	56.71661701	869.7929269	0.1514886502	18.79135272	14.59314359	9.0	0.15	0.01	0.2675349642

# t0		TI		IA		v0		w0
-216.951701	542.978462	0.0465184141	0.370824168	1.0
-215.02781	545.603187	0.0579491224	1.0	1.0
-101.415061	485.92738	0.0460631731	0.215875096	0.974679798
-99.8543838	488.461856	0.0589664097	0.637706119	1.0
-155.3992	435.521548	0.0455495581	0.246574332	0.991813011
-153.842869	437.835145	0.0491710203	1.0	1.0
-153.730389	353.478691	0.0495326878	0.168910182	0.991242483
-153.014161	356.196778	0.0510352379	0.221255495	1.0
-135.784799	333.869428	0.0508897249	0.137685954	0.983233536
-135.434533	336.337737	0.052548571	0.235566589	0.996027759
-131.005731	318.887855	0.0523839182	0.174069388	0.957847841
-131.486856	320.105751	0.0588114807	0.159540315	0.99282849
-123.694473	313.06206	0.052911127	0.119237998	0.960396375
-123.498566	314.002054	0.0592316986	0.130573012	0.989502955
205.355529	288.497858	0.0574820553	1.99050502e-16	0.966961985
-84.9603568	289.427427	0.0610136996	0.063361722	0.963707877
-105.045211	277.310967	0.0570557464	0.104600932	0.94897054
-105.422115	278.708102	0.0655868707	0.0885762396	0.972759282
-108.369259	275.437158	0.056815595	0.0681871665	0.955499991
-108.926305	276.925005	0.0617727475	0.0817442431	0.97088702
-120.883977	265.388073	0.0582803253	0.12187284	0.967594632
-120.582555	266.664745	0.0636248139	0.120060803	0.97388353
-94.3329288	260.083474	0.0589834608	0.0736287357	0.947886922
-93.4917765	261.026121	0.0634735209	0.131934378	0.956024854
-101.890876	251.157012	0.0605291437	0.088930246	0.953014567
-101.502639	252.337484	0.0664006407	0.0940467102	0.96450096
-111.125449	237.284371	0.0632358053	0.103592772	0.957523908
-111.085554	238.676699	0.0729694697	0.100995015	0.97071662
-103.987954	232.500209	0.0649011965	0.0955295413	0.953711093
-103.837317	233.590667	0.0759600176	0.0841516411	0.965129113
-99.6573009	224.60933	0.0689154704	0.0868993668	0.948667461
-99.0361152	225.183727	0.0811600741	0.0903832873	0.960467264
-85.5913075	221.963968	0.0726194045	0.0751067922	0.932052931
-85.4320243	222.188628	0.0810206067	0.0525318069	0.952686529
-86.0842974	209.033718	0.0750574252	0.075907283	0.930803326
-86.8090074	209.570855	0.0879288347	0.0517671432	0.963504222
-82.9744403	205.472367	0.0789820103	0.0847230269	0.920609034
-82.9424726	205.618474	0.0873952339	0.0469385353	0.915849523
-88.5682249	194.012633	0.0839056042	0.0870072542	0.927205291
-88.3119865	194.235565	0.103886276	0.0548076769	0.925097272
-75.2017621	184.088269	0.102619915	0.0702429309	0.916473388
-78.0199973	184.397482	0.113697986	0.0310362249	0.96773394
-82.2035111	172.246637	0.107497895	0.0347603553	0.950079503
-82.3364464	172.515051	0.122974488	0.000314795289	0.981035471
-56.530246	161.275584	0.120187502	0.0354163346	0.89336534
-55.4141674	161.076163	0.129243651	0.00520682045	0.927269496
-69.852041	159.437574	0.128917308	0.062799979	0.90985163
-69.5576817	159.42593	0.136074425	0.0438162943	0.939813636
-74.5057096	145.035536	0.155026642	0.0609286807	0.892074073
-72.8917329	144.9702	0.159166811	0.0370428038	0.905391114
-50.0985701	138.452198	0.186516181	1.2877743199999999e-17	0.99461499
-48.509727	138.337941	0.184868089	6.57670293e-17	1.0
-57.144433	116.473194	0.206613462	0.00051835935	0.91940461
-54.8931094	116.617782	0.212293352	0.0277681468	0.882266026
-52.3600687	130.906787	0.164524143	0.0504430142	0.820625832
-51.6232862	131.139819	0.192187255	1.8155473299999998e-17	0.986090228
-52.2096008	124.149713	0.187372152	1.08729305e-18	1.0
-50.8405798	124.230986	0.179477306	0.0395147938	0.851896011
65.5644096	187.164419	0.140392638	0.111294163	0.609334242
69.1809374	186.69941	0.182153134	1.0	0.515526739
-64.239076	118.62703	0.206515925	0.0189809606	0.866149744
-66.1518234	118.687008	0.208998325	0.0130249374	0.912015137
