# Loss = 0.008346249847004944

# tsi		tv1m		tv2m		tvp		twm		twp		td		to		tr		xk		uc		uv		ucsi
17.39589818	20.76898627	1250.221812	3.59739798	48.72002547	868.030129	0.3639192448	10.15606172	17.71542722	9.0	0.1	0.01	0.1921674673

# t0		TI		IA		v0		w0
-218.035496	542.739566	0.0659275706	0.228755515	0.995256075
-219.207236	543.590017	0.0705026431	1.16710148e-16	1.03847033
-101.437236	486.170829	0.0692932064	0.202447054	0.88500443
-102.833055	487.01182	0.0738685076	0.0563067233	1.09490491
-153.875357	438.175118	0.0724977482	0.271922308	0.971230312
-155.228563	438.361801	0.077896853	0.0520725817	1.03193732
-150.850389	356.961359	0.0809892069	0.219405556	0.971184521
-152.84279	357.446492	0.0876865849	0.0914717897	0.997495785
-133.05594	337.077818	0.0839203583	0.227117052	0.955705593
-135.011168	337.64151	0.0912867609	0.108417967	0.988653466
-128.613702	319.708908	0.0857871799	0.298053211	0.943337991
-130.910685	320.288877	0.0941199582	0.146527367	0.977769891
-120.909949	313.724931	0.0870383143	0.255397199	0.942961597
-122.634756	314.136282	0.0950183236	0.144671563	0.972638032
206.120176	289.904333	0.088661449	0.0	1.34838409
-83.4947914	289.591934	0.0999818663	0.108641541	0.936007129
-102.577085	278.425166	0.0983979733	0.226251406	0.923106518
-104.25833	278.857687	0.105685277	0.118954462	0.954417273
-105.245693	276.80673	0.0963640016	0.214095272	0.93037563
-107.082465	277.304067	0.104998318	0.125671244	0.953382133
-117.78091	266.672067	0.100767676	0.271757586	0.947659707
-118.653068	266.900377	0.107413024	0.143449189	0.964062775
-91.0449776	261.553233	0.102061213	0.209903458	0.913745609
-91.8935909	261.692375	0.109642444	0.151095111	0.938440476
-98.4110368	252.527405	0.105592024	0.201594427	0.92693721
-99.7591209	252.90231	0.113118386	0.139544226	0.94722045
-108.092891	238.605809	0.112248605	0.230463778	0.943287739
-109.545299	238.875993	0.119476828	0.165931627	0.958524373
-100.993333	233.571328	0.114951068	0.23063584	0.934285231
-102.028168	233.730583	0.122228542	0.156473178	0.947912625
-97.0384966	225.306829	0.120384378	0.172326329	0.936568265
-98.251674	225.497089	0.128040458	0.127501899	0.950669454
-83.1008824	222.289705	0.123737676	0.191348268	0.907569821
-83.9763291	222.402465	0.128489314	0.106280691	0.934586837
-83.7972907	209.474156	0.127280968	0.185780259	0.915335489
-85.5821498	209.877839	0.137728826	0.0990183109	0.94325446
-80.705078	205.707286	0.13162698	0.18001772	0.906745511
-81.3565257	205.842384	0.139261475	0.134556101	0.89871704
-86.67289	194.306227	0.138053722	0.196298551	0.918857418
-87.405366	194.371971	0.151948237	0.102975215	0.911605955
-74.663041	184.428954	0.153892274	0.113135802	0.911944735
-77.6672733	184.604571	0.160777149	3.0415347299999998e-18	0.953578091
-80.5866337	172.35362	0.160776883	0.0	0.899469492
-84.7579463	173.368655	0.172297638	1.34759676	0.949546654
-54.9945767	161.333798	0.1739289	0.119821419	0.866640237
-54.958698	161.361462	0.181985721	0.0	0.912986522
-68.810196	159.530826	0.180159028	0.126596799	0.898046774
-63.3564464	158.432454	0.23333438	2.0	0.729386591
-72.756763	144.80298	0.200638065	0.360709234	0.896796648
-71.912759	144.833435	0.205140159	0.0324204	0.901125934
-46.5248089	137.889897	0.254515842	1.95158976	0.674634477
-47.9970358	138.28761	0.211644147	0.0351232476	0.843956004
-58.557519	116.893409	0.252509435	4.27828181e-18	0.95061529
-53.6189279	116.476449	0.253241363	2.8718445199999995e-17	0.839683355
-49.8928031	130.775998	0.219399508	1.94296214	0.93942485
-50.2821264	131.063904	0.222938002	0.0694425899	0.853177091
-50.2195747	123.906229	0.237105729	1.9641133	0.930257277
-49.3458872	124.145754	0.227442918	0.104416828	0.842177163
67.4778404	186.717348	0.153403144	1.5294096899999997e-17	1.51769927
69.6342931	186.11516	0.155324549	2.4408686e-16	1.68327232
-63.4258463	118.560537	0.253256521	0.304837492	0.82434139
-65.3160402	118.603055	0.249298848	0.6937139	0.872720591
