# Loss = 0.003255415114989545

# tsi		tv1m		tv2m		tvp		twm		twp		td		to		tr		xk		uc		uv		ucsi
73.32940166	1.0	1245.654545	1.0	84.97186168	865.6447703	0.5	73.53287489	71.93509551	11.0	0.1	0.01	0.745872909

# t0		TI		IA		v0		w0
-218.339274	543.617622	0.0615771381	0.847126365	0.96630683
-220.57704	543.74911	0.0634553366	0.410482186	0.996440991
-101.570722	486.796817	0.067112791	1.0	0.784301274
-104.26755	487.427421	0.0688612991	0.0861821253	0.97741609
-155.614356	439.947197	0.0728765411	0.117260476	1.0
-156.851267	439.640633	0.0750010127	0.279265884	0.975765005
-151.414716	358.216524	0.0861687573	0.154862499	0.981343809
-153.607143	358.569144	0.0883866579	0.0	0.97716693
-133.886839	338.571055	0.0903982315	0.602766344	0.907155529
-135.732771	339.011373	0.0926102196	0.157465913	0.964315869
-130.554301	320.926941	0.0945012101	0.23426594	0.944332806
-132.715427	321.252406	0.0969786675	8.66188137e-13	0.972754555
-122.794515	315.081452	0.0957971985	0.0893208415	0.979582278
-124.307365	315.006607	0.098447987	0.0251374474	0.968132475
201.744699	293.628863	0.0983486149	0.0	0.0
-84.9243344	290.422261	0.105071357	0.0	0.940090895
-104.197335	279.455759	0.10663054	0.0790856943	0.95455355
-105.106874	279.387354	0.109165621	0.0921069417	0.937628283
-106.636464	277.950871	0.10657157	0.0	0.967677442
-108.228055	278.049408	0.109357971	0.0855408108	0.940917693
-119.199392	267.693328	0.110561715	0.0	0.93831971
-120.923274	268.132404	0.112483079	0.0	0.974152514
-92.444503	262.672835	0.112164813	0.103063302	0.940840526
-94.3907194	263.033981	0.114413653	0.0	0.944215582
-99.4100834	253.545016	0.115682133	0.0912594863	0.940200034
-101.375027	253.877721	0.117943575	0.0	0.952189379
-108.653039	239.189137	0.122000679	0.0	0.923682688
-109.872062	239.214183	0.124455089	0.000720594718	0.923054197
-101.456603	234.07433	0.124227051	0.185360514	0.910292923
-103.429877	234.353938	0.126525545	0.155474458	0.929031018
-97.0983176	225.65429	0.128210607	0.168451737	0.914517883
-99.0729207	225.962431	0.130643188	0.179211249	0.922688853
-83.5180783	222.696101	0.130000226	0.115303946	0.913862298
-84.8480877	222.846885	0.131974541	0.263608187	0.888769959
-85.3576704	210.350008	0.135850732	0.18409979	0.914708402
-86.3094307	210.329488	0.139435627	0.344794419	0.879354921
-82.3926352	206.617419	0.13819326	0.0453256333	0.920464872
-82.843401	206.471821	0.140649473	0.0124451663	0.912963847
-87.1432721	194.692146	0.145341117	0.0	0.894238207
-87.942242	194.549598	0.149477195	5.28636477e-13	0.881821099
-74.9814733	184.644548	0.154202727	0.36339657	0.83634602
-77.4074727	184.59255	0.157610086	0.52510133	0.81604438
-77.6656366	171.811283	0.164950356	0.0	0.638496977
-77.9047539	171.709115	0.169241352	2.3867968500000002e-15	0.616844615
-54.9211193	161.45094	0.17205882	0.299031332	0.805376794
-54.6378698	161.308857	0.174541959	0.412138504	0.804764246
-68.5981291	159.554004	0.174779765	0.206892807	0.828174953
-68.9716474	159.63542	0.177437781	0.362092749	0.836296631
-73.7165639	145.115419	0.190324204	0.749616543	0.826838278
-72.0883037	144.901256	0.191548713	0.195301691	0.8622722
-49.2093536	138.354486	0.200269436	0.38851134	0.695765175
-47.6350468	138.230402	0.19927582	0.116730341	0.765534873
-57.6503052	116.717694	0.231327537	2.18748438e-13	0.747242524
-52.1503362	116.19191	0.236615075	2.2274779e-13	0.52088196
-51.1227836	131.026852	0.205038783	0.0	0.779484892
-49.778921	130.959178	0.208362145	0.333852401	0.725809445
-51.2328868	124.102169	0.21924672	1.3148898e-13	0.688555888
-50.0105033	124.306316	0.213719914	0.144709351	0.803126821
63.9074179	187.611311	0.158640383	2.41367636e-12	0.645079286
67.0609039	186.536879	0.164091108	0.0	0.786870209
-63.6304313	118.562218	0.228925016	0.515325908	0.79069817
-68.0389073	119.038218	0.229779319	0.839887011	0.750620005
