# Loss = 0.0033269206594984508

# tsi		tv1m		tv2m		tvp		twm		twp		td		to		tr		xk		uc		uv		ucsi
62.37063443	11.36675393	1247.177661	1.0	79.63267832	867.1270335	0.5	57.58651457	67.76377123	9.0	0.1	0.04999376	0.7571111468

# t0		TI		IA		v0		w0
-219.264753	541.902283	0.0597919614	0.900273608	0.995566622
-221.358125	542.16546	0.0603889698	0.504634262	0.995143479
-102.507651	485.60779	0.0643515064	0.356455865	0.975475436
-104.944937	485.866021	0.0649609241	0.973455629	0.967165396
-154.889563	439.809596	0.0688519755	0.869730187	1.0
-156.211311	439.310175	0.0696168687	0.984017848	0.984243086
-151.266263	358.325926	0.0794504158	0.732878885	0.999701274
-153.415888	358.361444	0.0803686392	1.0	0.978773149
-133.564052	338.715237	0.0827877453	0.186717238	1.0
-135.903319	338.961206	0.0837411885	0.959666163	0.972179046
-131.00379	321.152327	0.0860192929	0.999380804	0.978571634
-133.286421	321.313581	0.0871675354	0.440677548	0.99921619
-123.417033	315.204938	0.0872002154	0.295036793	1.0
-124.896444	315.12844	0.0883675062	0.0444171256	1.0
205.388693	291.120257	0.092121013	0.252916963	0.0106299181
-85.5161598	290.56633	0.0939068627	0.0623947054	0.93606546
-105.124239	279.782666	0.0954578224	0.213782619	0.986328879
-105.778247	279.543677	0.096840328	0.00234836726	0.977851471
-107.259226	278.111191	0.0957222157	0.784188718	0.96804692
-108.779216	278.087317	0.0972046815	0.763108511	0.952114411
-120.406984	268.209279	0.0985034197	0.908439076	0.999336246
-121.625286	268.30204	0.100058805	0.973740929	0.95143925
-93.6261003	263.086904	0.100027284	0.200217984	0.967828828
-95.5157429	263.332675	0.101632123	0.772903302	0.939676479
-100.11116	253.739254	0.103080191	0.975592966	0.937824236
-102.424993	254.177333	0.10470148	0.656121305	0.948391422
-110.202704	239.642092	0.108478959	0.908404082	0.965184181
-111.232534	239.550825	0.111265748	0.999399781	0.915596538
-102.778047	234.421445	0.110558988	0.770283994	0.978237547
-105.349716	234.850869	0.113654736	0.865252696	0.912313886
-98.3295104	225.952514	0.114460438	0.490615323	0.995968609
-100.803463	226.491424	0.11889638	0.921416578	0.86960529
-84.7773447	222.961195	0.117357062	0.591641187	0.879944723
-86.4629093	223.266212	0.119744484	0.266691406	0.878372232
-86.5565167	210.650519	0.124746216	0.910761999	0.824381276
-87.106323	210.443601	0.129848843	0.0937509479	0.871653487
-84.2412574	207.124541	0.127533556	0.141642057	0.923514024
-84.6979291	207.008514	0.131996553	0.342406028	0.825189608
-89.5819037	195.308183	0.139255509	0.527793362	0.86160496
-90.275167	195.080976	0.142879547	0.204497446	0.911218759
-77.9744203	185.347998	0.148089244	0.00276883473	0.817053921
-79.6852818	185.014032	0.153495247	8.7736447e-17	0.829673352
-79.91307	172.293351	0.161129277	1.9629280099999997e-17	0.522626812
-85.4790806	173.646881	0.159440021	0.0628488581	0.889936211
-58.2300523	162.097105	0.169791696	3.38969212e-16	0.748485995
-55.6313845	161.491982	0.17168458	1.92595862e-16	0.685309074
-70.8901251	159.993362	0.171824	0.180666177	0.845763238
-69.4721939	159.612024	0.174686638	0.207772012	0.804317147
-71.9071819	144.412563	0.19077786	6.04416878e-17	0.774056065
-71.5765136	144.761569	0.189893285	6.90768263e-17	0.843454004
-50.8612511	138.599694	0.199279281	3.66848867e-16	0.614540491
-51.4688374	138.918136	0.197132371	3.8732632e-16	0.775742021
-57.9980425	116.722618	0.229908243	0.166535353	0.773689506
-51.5456362	116.052096	0.235592103	3.79616449e-16	0.530482067
-53.2970985	131.398248	0.203406776	1.31000826e-16	0.809027178
-52.6415446	131.489416	0.207082895	0.0787518614	0.673758519
-51.9555386	124.204512	0.217608335	0.000244983648	0.714432807
-51.6217785	124.543515	0.213076154	3.67195783e-16	0.799175835
65.1513795	187.108234	0.155338182	0.352911263	0.0565191264
71.5438698	185.101236	0.156008569	0.400081966	9.93091821e-17
-66.5863022	119.105052	0.225785633	0.441106751	0.83165174
-67.0905106	118.840645	0.228872955	0.790563385	0.74639032
