# Loss = 0.01795180079237577

# tsi		tv1m		tv2m		tvp		twm		twp		td		to		tr		xk		uc		uv		ucsi
961.2023139	814.255763	1470.49448	12.58285398	686.9494632	137.6529361	0.5	755.3964103	142.3228291	10.45780255	0.1	0.01209959286	0.7285031511

# t0		TI		IA		v0		w0
-217.470659	543.079601	0.0553961012	0.926992286	0.963900443
-219.45335	543.125402	0.0658804115	0.172394017	0.593905654
-101.174057	486.4861	0.0672629587	0.493102105	0.731105967
-103.162385	486.517093	0.0743926262	0.261888258	0.708380606
-153.188803	438.569958	0.0703361361	0.172544594	0.10020422
-155.170765	438.621545	0.0920689732	0.0762384869	0.443906954
-150.600313	357.402046	0.0822841601	0.445645497	0.1006895
-152.584185	357.458059	0.100397543	0.532097115	0.511139315
-132.767764	337.72941	0.0888328023	0.307497169	0.885488503
-134.746466	337.811639	0.104267213	0.851523063	0.417767841
-128.025358	320.217676	0.0938376571	0.674304491	0.176274426
-130.010795	320.282374	0.11505735	0.00206936459	0.105604823
-119.517906	315.08121	0.0955008447	0.819884305	0.193884986
-121.506822	315.133936	0.112985425	0.000782121586	0.549444805
207.317807	289.54974	0.100911808	0.335015819	0.534052229
-82.6769259	289.589055	0.115308961	0.705722562	0.184593254
-101.331437	278.787842	0.107814614	0.298195721	0.439373256
-103.313891	278.863133	0.121780315	0.275947842	0.0343377624
-104.65002	277.408792	0.106588218	0.331087452	0.000143362007
-106.634751	277.478308	0.121415669	0.666888457	0.297367839
-117.391402	267.019481	0.111351096	0.568961363	0.908713441
-117.394023	267.007744	0.12320481	0.19710568	0.424110882
-90.6956537	261.779665	0.113034395	0.729478206	0.765462474
-90.6942057	261.797817	0.124386924	0.459517511	0.703659119
-98.5127741	253.228013	0.117409231	0.805229577	0.67077424
-98.5162662	253.210739	0.128136088	0.289868449	0.0879949219
-107.387411	238.913476	0.122606716	0.736587761	0.67534287
-109.370391	239.009225	0.13337076	0.856127516	0.258425183
-100.794859	233.805978	0.124336089	0.427239318	0.696819009
-100.800965	233.777997	0.133549246	0.288702336	0.402357
-96.6270388	225.478999	0.130206008	0.821960136	0.109489621
-96.6364298	225.440168	0.138622895	0.0658716956	0.617070948
-82.9069403	222.160886	0.13153254	0.417213985	0.567230433
-82.912155	222.135034	0.138789374	0.463259189	0.521964275
-82.7445688	209.662277	0.136399527	0.862225618	0.478722435
-84.7272151	209.763771	0.144204986	0.0904698117	0.505608213
-78.8542563	205.86477	0.138007827	0.949625154	0.146678205
-80.8371285	205.975611	0.14695959	0.00898718322	0.304230294
-85.1142206	194.291188	0.142662592	0.47996395	0.470235031
-87.0976924	194.402141	0.154950539	0.225096767	0.763594068
-72.0161659	184.122644	0.152459847	0.238129021	0.0811049458
-75.9976851	184.243378	0.158375169	0.639503729	0.800958363
-80.2517228	172.577184	0.155943413	0.136436233	0.349635892
-82.2300677	172.725864	0.165210175	0.496850477	0.477705444
-54.526465	161.2894	0.164568597	0.81676356	0.402841522
-54.5266315	161.266036	0.171982	0.0561436602	0.96368196
-67.623556	159.409735	0.166947348	0.530376764	0.401478681
-69.5943822	159.630109	0.174772424	0.165708817	0.577073838
-70.1096389	144.470686	0.176835942	0.185241342	0.00182009165
-68.1200425	144.35629	0.178486392	0.674560959	0.664147294
-49.0933821	138.461459	0.175557548	0.342816186	0.8007748
-45.1384887	138.063816	0.185275593	0.0583212854	0.0802024631
-53.8956293	116.472947	0.180592771	0.73623054	0.626297448
-51.9018881	116.484092	0.195578249	0.000747846125	0.711925703
-50.8227144	130.825302	0.18263675	0.16000434	0.607844761
-48.826447	130.815071	0.176138757	0.78084663	0.66879437
-51.8424654	124.116416	0.177025621	0.53691852	0.709010494
-49.8431498	124.136386	0.177187862	0.230923844	0.831615388
64.3704012	187.525015	0.162311097	0.288377306	0.245862922
62.3846805	187.598508	0.169356869	0.333240513	0.466492892
-58.7172706	118.148054	0.177431631	0.81596621	0.739665413
-58.7364186	117.984726	0.19210463	0.251736173	0.00108587694
